01	0	2319	0	13.502114	STANDARD
01	0	1410	0	11.414799	STANDARD
01	0	1657	0	11.075508	STANDARD
01	0	2629	0	10.405607	STANDARD
01	0	1938	0	9.603713	STANDARD
01	0	2218	0	9.011454	STANDARD
01	0	2151	0	8.922923	STANDARD
01	0	2379	0	8.825896	STANDARD
01	0	2371	0	8.784762	STANDARD
01	0	1749	0	8.784064	STANDARD
01	0	1698	0	8.757091	STANDARD
01	0	1519	0	8.384301	STANDARD
01	0	1168	0	8.350959	STANDARD
01	0	1752	0	8.247675	STANDARD
01	0	1605	0	8.217038	STANDARD
01	0	2357	0	8.156085	STANDARD
01	0	1046	0	8.13637	STANDARD
01	0	2317	0	8.090507	STANDARD
01	0	2378	0	8.004701	STANDARD
01	0	1827	0	7.9903755	STANDARD
01	0	1161	0	7.970944	STANDARD
01	0	3174	0	7.967355	STANDARD
01	0	2541	0	7.932235	STANDARD
01	0	3069	0	7.9223495	STANDARD
01	0	2219	0	7.9203243	STANDARD
01	0	1844	0	7.688672	STANDARD
01	0	2920	0	7.636355	STANDARD
01	0	3048	0	7.6192975	STANDARD
01	0	1591	0	7.503518	STANDARD
01	0	1071	0	7.4917593	STANDARD
01	0	1440	0	7.449959	STANDARD
01	0	3127	0	7.4139013	STANDARD
01	0	2054	0	7.355166	STANDARD
01	0	1391	0	7.337029	STANDARD
01	0	1680	0	7.325744	STANDARD
01	0	0971	0	7.3231435	STANDARD
01	0	2535	0	7.3200984	STANDARD
01	0	0098	0	7.271706	STANDARD
01	0	2796	0	7.257104	STANDARD
01	0	2424	0	7.140615	STANDARD
01	0	2312	0	7.063592	STANDARD
01	0	0397	0	7.057968	STANDARD
01	0	1908	0	7.0466795	STANDARD
01	0	1033	0	7.0293746	STANDARD
01	0	1408	0	7.013141	STANDARD
01	0	1069	0	6.9943914	STANDARD
01	0	1572	0	6.9935484	STANDARD
01	0	1523	0	6.982402	STANDARD
01	0	1755	0	6.9782157	STANDARD
01	0	2380	0	6.9000816	STANDARD
02	0	2434	0	5.969908	STANDARD
02	0	3078	0	5.944656	STANDARD
02	0	2863	0	5.645468	STANDARD
02	0	1046	0	5.5405	STANDARD
02	0	0397	0	5.2793126	STANDARD
02	0	0282	0	5.069126	STANDARD
02	0	1014	0	4.876392	STANDARD
02	0	0616	0	4.7486715	STANDARD
02	0	0492	0	4.7344637	STANDARD
02	0	1867	0	4.7344637	STANDARD
02	0	0435	0	4.670511	STANDARD
02	0	1519	0	4.559944	STANDARD
02	0	0597	0	4.3668466	STANDARD
02	0	1397	0	4.3555636	STANDARD
02	0	1623	0	4.3555636	STANDARD
02	0	2534	0	4.275368	STANDARD
02	0	1264	0	4.247254	STANDARD
02	0	0531	0	3.927222	STANDARD
02	0	0749	0	3.864446	STANDARD
02	0	0760	0	3.864446	STANDARD
02	0	1334	0	3.817421	STANDARD
02	0	2177	0	3.8033543	STANDARD
02	0	2786	0	3.8033543	STANDARD
02	0	0847	0	3.8013048	STANDARD
02	0	1676	0	3.747991	STANDARD
02	0	1183	0	3.713785	STANDARD
02	0	0526	0	3.6863105	STANDARD
02	0	0648	0	3.6863105	STANDARD
02	0	1301	0	3.6863105	STANDARD
02	0	3199	0	3.6428666	STANDARD
02	0	2572	0	3.632067	STANDARD
02	0	0043	0	3.5363286	STANDARD
02	0	0204	0	3.5363286	STANDARD
02	0	1057	0	3.5363286	STANDARD
02	0	1343	0	3.5363286	STANDARD
02	0	1305	0	3.4911942	STANDARD
02	0	1542	0	3.4876556	STANDARD
02	0	0242	0	3.4583426	STANDARD
02	0	0002	0	3.4069486	STANDARD
02	0	0171	0	3.4069486	STANDARD
02	0	0225	0	3.4069486	STANDARD
02	0	0584	0	3.4069486	STANDARD
02	0	0676	0	3.4069486	STANDARD
02	0	2100	0	3.4069486	STANDARD
02	0	1553	0	3.38092	STANDARD
02	0	3171	0	3.38092	STANDARD
02	0	0188	0	3.2932997	STANDARD
02	0	0477	0	3.2932997	STANDARD
02	0	0880	0	3.2932997	STANDARD
02	0	1582	0	3.2932997	STANDARD
03	0	1154	0	6.80361	STANDARD
03	0	1988	0	6.6601205	STANDARD
03	0	2666	0	6.2785673	STANDARD
03	0	2061	0	6.193534	STANDARD
03	0	2112	0	6.068771	STANDARD
03	0	0799	0	5.9429593	STANDARD
03	0	0265	0	5.759406	STANDARD
03	0	0252	0	5.467984	STANDARD
03	0	0929	0	5.372884	STANDARD
03	0	2921	0	5.356283	STANDARD
03	0	1496	0	5.3546786	STANDARD
03	0	0062	0	5.318337	STANDARD
03	0	2411	0	5.314657	STANDARD
03	0	1304	0	5.223517	STANDARD
03	0	2579	0	5.12897	STANDARD
03	0	1386	0	5.0887194	STANDARD
03	0	1521	0	5.057442	STANDARD
03	0	0205	0	5.050841	STANDARD
03	0	1565	0	5.0321283	STANDARD
03	0	1387	0	5.014563	STANDARD
03	0	3115	0	4.8940916	STANDARD
03	0	0077	0	4.8167424	STANDARD
03	0	1029	0	4.7480707	STANDARD
03	0	1723	0	4.730833	STANDARD
03	0	1223	0	4.6810026	STANDARD
03	0	0661	0	4.6808844	STANDARD
03	0	1787	0	4.5985594	STANDARD
03	0	2587	0	4.567738	STANDARD
03	0	1313	0	4.46353	STANDARD
03	0	2939	0	4.460331	STANDARD
03	0	3102	0	4.460331	STANDARD
03	0	3130	0	4.4570737	STANDARD
03	0	0100	0	4.449706	STANDARD
03	0	3144	0	4.449706	STANDARD
03	0	1134	0	4.4469647	STANDARD
03	0	1402	0	4.4469647	STANDARD
03	0	1350	0	4.382421	STANDARD
03	0	0051	0	4.3693714	STANDARD
03	0	2886	0	4.318816	STANDARD
03	0	1533	0	4.3143916	STANDARD
03	0	3099	0	4.313901	STANDARD
03	0	2136	0	4.229479	STANDARD
03	0	2066	0	4.2046165	STANDARD
03	0	3093	0	4.2004595	STANDARD
03	0	2867	0	4.1924987	STANDARD
03	0	0637	0	4.179317	STANDARD
03	0	2732	0	4.1037726	STANDARD
03	0	3030	0	4.001608	STANDARD
03	0	1783	0	3.9969652	STANDARD
03	0	2551	0	3.9866872	STANDARD
04	0	2377	0	19.92066	STANDARD
04	0	3128	0	18.639896	STANDARD
04	0	3043	0	17.527021	STANDARD
04	0	1135	0	16.173567	STANDARD
04	0	3049	0	15.248208	STANDARD
04	0	2939	0	14.703	STANDARD
04	0	2931	0	14.639798	STANDARD
04	0	3141	0	13.315851	STANDARD
04	0	2438	0	12.341614	STANDARD
04	0	0616	0	12.036253	STANDARD
04	0	2314	0	11.928778	STANDARD
04	0	2342	0	11.397661	STANDARD
04	0	2895	0	11.038687	STANDARD
04	0	2851	0	10.892864	STANDARD
04	0	2376	0	10.809626	STANDARD
04	0	2519	0	10.529816	STANDARD
04	0	2439	0	10.470625	STANDARD
04	0	2848	0	10.373194	STANDARD
04	0	2844	0	10.243846	STANDARD
04	0	1506	0	9.623383	STANDARD
04	0	1829	0	9.3263445	STANDARD
04	0	2767	0	9.321801	STANDARD
04	0	3105	0	9.275112	STANDARD
04	0	2958	0	9.237941	STANDARD
04	0	1014	0	9.164365	STANDARD
04	0	2684	0	9.1532	STANDARD
04	0	0483	0	9.052097	STANDARD
04	0	0435	0	9.043089	STANDARD
04	0	2371	0	9.033586	STANDARD
04	0	2558	0	9.0237255	STANDARD
04	0	3188	0	8.99304	STANDARD
04	0	3148	0	8.978902	STANDARD
04	0	1742	0	8.970298	STANDARD
04	0	2890	0	8.952921	STANDARD
04	0	1626	0	8.92564	STANDARD
04	0	2742	0	8.867219	STANDARD
04	0	3103	0	8.852515	STANDARD
04	0	2905	0	8.804022	STANDARD
04	0	2932	0	8.726434	STANDARD
04	0	2060	0	8.612016	STANDARD
04	0	1527	0	8.591208	STANDARD
04	0	2080	0	8.543602	STANDARD
04	0	0409	0	8.399035	STANDARD
04	0	1248	0	8.335667	STANDARD
04	0	2870	0	8.189506	STANDARD
04	0	3171	0	8.189478	STANDARD
04	0	2020	0	8.189419	STANDARD
04	0	1484	0	8.17691	STANDARD
04	0	2356	0	8.102832	STANDARD
04	0	1485	0	8.015625	STANDARD
05	0	1829	0	15.436592	STANDARD
05	0	2035	0	12.821901	STANDARD
05	0	3050	0	12.500408	STANDARD
05	0	2321	0	12.210243	STANDARD
05	0	2299	0	11.59575	STANDARD
05	0	2629	0	11.594239	STANDARD
05	0	3011	0	11.498553	STANDARD
05	0	3147	0	10.867234	STANDARD
05	0	3102	0	10.439095	STANDARD
05	0	1923	0	10.377298	STANDARD
05	0	1605	0	10.325926	STANDARD
05	0	1188	0	10.115422	STANDARD
05	0	1978	0	9.841483	STANDARD
05	0	2873	0	9.752997	STANDARD
05	0	2786	0	9.577908	STANDARD
05	0	2003	0	9.51895	STANDARD
05	0	2106	0	9.244474	STANDARD
05	0	1699	0	9.223731	STANDARD
05	0	1409	0	9.216999	STANDARD
05	0	1937	0	9.010582	STANDARD
05	0	1698	0	8.878223	STANDARD
05	0	2169	0	8.846185	STANDARD
05	0	0251	0	8.836164	STANDARD
05	0	1742	0	8.7766075	STANDARD
05	0	0892	0	8.671554	STANDARD
05	0	1571	0	8.512976	STANDARD
05	0	2138	0	8.34565	STANDARD
05	0	2483	0	8.296328	STANDARD
05	0	3035	0	8.1712055	STANDARD
05	0	1238	0	8.079121	STANDARD
05	0	3040	0	8.076105	STANDARD
05	0	1682	0	7.919249	STANDARD
05	0	2247	0	7.8857255	STANDARD
05	0	1671	0	7.8730927	STANDARD
05	0	2357	0	7.7932534	STANDARD
05	0	1408	0	7.6304603	STANDARD
05	0	1053	0	7.589796	STANDARD
05	0	1960	0	7.521161	STANDARD
05	0	2959	0	7.212495	STANDARD
05	0	2820	0	7.1946115	STANDARD
05	0	3137	0	7.1399803	STANDARD
05	0	2812	0	7.1145644	STANDARD
05	0	2960	0	7.106004	STANDARD
05	0	2396	0	7.047866	STANDARD
05	0	2622	0	6.9899817	STANDARD
05	0	1853	0	6.96428	STANDARD
05	0	1270	0	6.847945	STANDARD
05	0	1612	0	6.847945	STANDARD
05	0	2145	0	6.847874	STANDARD
05	0	0173	0	6.7699637	STANDARD
06	0	2826	0	15.054561	STANDARD
06	0	0438	0	11.965558	STANDARD
06	0	2828	0	11.941067	STANDARD
06	0	0695	0	11.89748	STANDARD
06	0	0435	0	11.81044	STANDARD
06	0	0531	0	10.268513	STANDARD
06	0	1014	0	9.752784	STANDARD
06	0	0492	0	9.468927	STANDARD
06	0	1867	0	9.468927	STANDARD
06	0	1543	0	9.148944	STANDARD
06	0	0605	0	8.731173	STANDARD
06	0	1397	0	8.711127	STANDARD
06	0	1623	0	8.711127	STANDARD
06	0	2931	0	8.560456	STANDARD
06	0	2721	0	8.362725	STANDARD
06	0	2230	0	8.284778	STANDARD
06	0	1234	0	7.8416724	STANDARD
06	0	1365	0	7.671251	STANDARD
06	0	0616	0	7.6366224	STANDARD
06	0	1664	0	7.3701324	STANDARD
06	0	2873	0	7.3128605	STANDARD
06	0	1341	0	6.97403	STANDARD
06	0	0417	0	6.020871	STANDARD
06	0	0670	0	5.972136	STANDARD
06	0	1046	0	5.5405	STANDARD
06	0	2176	0	5.5405	STANDARD
06	0	2671	0	5.491906	STANDARD
06	0	0242	0	5.358963	STANDARD
06	0	0397	0	5.2793126	STANDARD
06	0	2417	0	5.1369953	STANDARD
06	0	1698	0	5.067858	STANDARD
06	0	0705	0	5.0422726	STANDARD
06	0	0530	0	4.9838233	STANDARD
06	0	1009	0	4.955848	STANDARD
06	0	1148	0	4.8849106	STANDARD
06	0	2087	0	4.876392	STANDARD
06	0	1385	0	4.849004	STANDARD
06	0	3154	0	4.8264804	STANDARD
06	0	0888	0	4.8028703	STANDARD
06	0	3035	0	4.698421	STANDARD
06	0	0704	0	4.670511	STANDARD
06	0	2505	0	4.6104712	STANDARD
06	0	1113	0	4.553898	STANDARD
06	0	0697	0	4.51792	STANDARD
06	0	0887	0	4.5004153	STANDARD
06	0	1186	0	4.474732	STANDARD
06	0	1885	0	4.442252	STANDARD
06	0	2319	0	4.442252	STANDARD
06	0	0768	0	4.4014997	STANDARD
06	0	3198	0	4.302209	STANDARD
07	0	3043	0	24.975967	STANDARD
07	0	1623	0	15.432453	STANDARD
07	0	2376	0	15.039433	STANDARD
07	0	3128	0	14.82795	STANDARD
07	0	2949	0	14.620406	STANDARD
07	0	2912	0	13.89753	STANDARD
07	0	3141	0	13.645674	STANDARD
07	0	3148	0	13.338085	STANDARD
07	0	2865	0	12.270048	STANDARD
07	0	2317	0	12.145793	STANDARD
07	0	2740	0	11.680668	STANDARD
07	0	1381	0	10.723459	STANDARD
07	0	2903	0	10.6406	STANDARD
07	0	0616	0	10.524296	STANDARD
07	0	2342	0	10.47965	STANDARD
07	0	2424	0	10.409834	STANDARD
07	0	1397	0	9.942803	STANDARD
07	0	3006	0	9.784224	STANDARD
07	0	0270	0	9.522079	STANDARD
07	0	3021	0	9.411246	STANDARD
07	0	2890	0	9.406315	STANDARD
07	0	1854	0	9.288638	STANDARD
07	0	1698	0	9.180439	STANDARD
07	0	2111	0	9.180111	STANDARD
07	0	2871	0	8.777309	STANDARD
07	0	2033	0	8.776419	STANDARD
07	0	2950	0	8.47627	STANDARD
07	0	2320	0	8.408125	STANDARD
07	0	2016	0	8.401632	STANDARD
07	0	1948	0	8.341179	STANDARD
07	0	1923	0	8.3401165	STANDARD
07	0	2795	0	8.21779	STANDARD
07	0	1553	0	8.11083	STANDARD
07	0	2379	0	8.057521	STANDARD
07	0	1353	0	8.009141	STANDARD
07	0	1551	0	7.9791703	STANDARD
07	0	2895	0	7.946536	STANDARD
07	0	2306	0	7.9420056	STANDARD
07	0	2208	0	7.937174	STANDARD
07	0	3014	0	7.930023	STANDARD
07	0	1626	0	7.9188595	STANDARD
07	0	3104	0	7.787235	STANDARD
07	0	0046	0	7.690548	STANDARD
07	0	1145	0	7.6328287	STANDARD
07	0	1440	0	7.62185	STANDARD
07	0	2439	0	7.5104084	STANDARD
07	0	1952	0	7.4462442	STANDARD
07	0	2326	0	7.4238386	STANDARD
07	0	2860	0	7.27534	STANDARD
07	0	3078	0	7.1799355	STANDARD
08	0	2625	0	13.848006	STANDARD
08	0	2951	0	11.84267	STANDARD
08	0	2541	0	11.284306	STANDARD
08	0	2371	0	9.826487	STANDARD
08	0	3032	0	9.530837	STANDARD
08	0	1752	0	9.147128	STANDARD
08	0	2830	0	9.101697	STANDARD
08	0	0912	0	8.913188	STANDARD
08	0	2500	0	8.871534	STANDARD
08	0	1877	0	8.581096	STANDARD
08	0	1611	0	8.462862	STANDARD
08	0	2776	0	8.293639	STANDARD
08	0	1685	0	8.225521	STANDARD
08	0	2095	0	8.166809	STANDARD
08	0	2522	0	8.156482	STANDARD
08	0	2920	0	7.921342	STANDARD
08	0	2614	0	7.8447056	STANDARD
08	0	1785	0	7.7859993	STANDARD
08	0	1869	0	7.640917	STANDARD
08	0	2482	0	7.496872	STANDARD
08	0	2499	0	7.4892735	STANDARD
08	0	1461	0	7.4208527	STANDARD
08	0	2858	0	7.3801064	STANDARD
08	0	2892	0	7.2457395	STANDARD
08	0	2949	0	7.1739507	STANDARD
08	0	2194	0	7.0801115	STANDARD
08	0	3083	0	7.0801115	STANDARD
08	0	0492	0	6.946266	STANDARD
08	0	2358	0	6.8642845	STANDARD
08	0	2020	0	6.8536286	STANDARD
08	0	2860	0	6.8213205	STANDARD
08	0	3126	0	6.76184	STANDARD
08	0	1677	0	6.6817417	STANDARD
08	0	1754	0	6.6608562	STANDARD
08	0	0828	0	6.606434	STANDARD
08	0	2543	0	6.593992	STANDARD
08	0	2991	0	6.5239954	STANDARD
08	0	1751	0	6.5149755	STANDARD
08	0	1680	0	6.424981	STANDARD
08	0	0332	0	6.3914757	STANDARD
08	0	2320	0	6.391279	STANDARD
08	0	1261	0	6.366093	STANDARD
08	0	2597	0	6.3542204	STANDARD
08	0	1695	0	6.337405	STANDARD
08	0	2109	0	6.2979846	STANDARD
08	0	2197	0	6.215828	STANDARD
08	0	3053	0	6.209026	STANDARD
08	0	2080	0	6.122919	STANDARD
08	0	3133	0	6.1006126	STANDARD
08	0	1928	0	6.0783057	STANDARD
09	0	2849	0	12.502705	STANDARD
09	0	2949	0	11.203848	STANDARD
09	0	3068	0	10.980878	STANDARD
09	0	2578	0	10.669809	STANDARD
09	0	1461	0	10.534765	STANDARD
09	0	2372	0	9.46524	STANDARD
09	0	2371	0	9.4516115	STANDARD
09	0	3158	0	9.449364	STANDARD
09	0	3082	0	9.307868	STANDARD
09	0	3174	0	8.980381	STANDARD
09	0	2621	0	8.833176	STANDARD
09	0	1745	0	8.6005335	STANDARD
09	0	2969	0	8.417653	STANDARD
09	0	1750	0	8.369034	STANDARD
09	0	2776	0	8.293639	STANDARD
09	0	1685	0	8.225521	STANDARD
09	0	3137	0	8.110716	STANDARD
09	0	2951	0	8.08587	STANDARD
09	0	2614	0	7.8447056	STANDARD
09	0	3128	0	7.6605115	STANDARD
09	0	2454	0	7.5420256	STANDARD
09	0	3141	0	7.480565	STANDARD
09	0	2900	0	7.3808355	STANDARD
09	0	3076	0	7.3398266	STANDARD
09	0	1928	0	7.2259917	STANDARD
09	0	1747	0	7.131447	STANDARD
09	0	3043	0	6.913364	STANDARD
09	0	2358	0	6.902747	STANDARD
09	0	1695	0	6.805826	STANDARD
09	0	1808	0	6.7506757	STANDARD
09	0	3038	0	6.607952	STANDARD
09	0	0828	0	6.606434	STANDARD
09	0	3011	0	6.4049296	STANDARD
09	0	1261	0	6.366093	STANDARD
09	0	2424	0	6.3445864	STANDARD
09	0	2870	0	6.3080025	STANDARD
09	0	2632	0	6.229669	STANDARD
09	0	2197	0	6.215828	STANDARD
09	0	2581	0	6.1991615	STANDARD
09	0	3127	0	6.1520486	STANDARD
09	0	3148	0	6.130845	STANDARD
09	0	3133	0	6.1006126	STANDARD
09	0	1723	0	6.0025964	STANDARD
09	0	2111	0	5.956398	STANDARD
09	0	2890	0	5.8725824	STANDARD
09	0	2046	0	5.87094	STANDARD
09	0	1846	0	5.8692093	STANDARD
09	0	1462	0	5.81949	STANDARD
09	0	1266	0	5.778558	STANDARD
09	0	1978	0	5.7743387	STANDARD
10	0	2785	0	10.886919	STANDARD
10	0	1795	0	10.030275	STANDARD
10	0	2700	0	8.745514	STANDARD
10	0	0141	0	8.181898	STANDARD
10	0	0392	0	8.181898	STANDARD
10	0	2895	0	8.162992	STANDARD
10	0	2266	0	8.014555	STANDARD
10	0	3073	0	7.9266415	STANDARD
10	0	1466	0	7.912991	STANDARD
10	0	3075	0	7.690362	STANDARD
10	0	1302	0	7.6888027	STANDARD
10	0	0249	0	7.682202	STANDARD
10	0	2514	0	7.3234887	STANDARD
10	0	3059	0	7.145609	STANDARD
10	0	2685	0	7.127654	STANDARD
10	0	1102	0	7.1211	STANDARD
10	0	1138	0	7.1211	STANDARD
10	0	1536	0	6.9854655	STANDARD
10	0	1158	0	6.972285	STANDARD
10	0	1367	0	6.972285	STANDARD
10	0	2182	0	6.8287735	STANDARD
10	0	0463	0	6.822251	STANDARD
10	0	0651	0	6.822251	STANDARD
10	0	1142	0	6.822251	STANDARD
10	0	2896	0	6.7388644	STANDARD
10	0	1262	0	6.6954823	STANDARD
10	0	2316	0	6.663424	STANDARD
10	0	2851	0	6.6542645	STANDARD
10	0	2603	0	6.646584	STANDARD
10	0	1828	0	6.571088	STANDARD
10	0	0628	0	6.5645957	STANDARD
10	0	0762	0	6.5645957	STANDARD
10	0	2814	0	6.5645957	STANDARD
10	0	1747	0	6.4598994	STANDARD
10	0	2973	0	6.4545107	STANDARD
10	0	2714	0	6.314688	STANDARD
10	0	2952	0	6.2413707	STANDARD
10	0	1601	0	6.143424	STANDARD
10	0	0920	0	5.955648	STANDARD
10	0	2782	0	5.955648	STANDARD
10	0	0950	0	5.9054174	STANDARD
10	0	2295	0	5.871367	STANDARD
10	0	1811	0	5.6952105	STANDARD
10	0	3156	0	5.6952105	STANDARD
10	0	1569	0	5.5753937	STANDARD
10	0	2557	0	5.5753937	STANDARD
10	0	1468	0	5.420231	STANDARD
10	0	2401	0	5.420231	STANDARD
10	0	2865	0	5.420231	STANDARD
10	0	1703	0	5.4139347	STANDARD
11	0	2699	0	15.363214	STANDARD
11	0	2782	0	10.38549	STANDARD
11	0	2906	0	9.460531	STANDARD
11	0	2717	0	8.705442	STANDARD
11	0	1923	0	8.536317	STANDARD
11	0	2647	0	8.281174	STANDARD
11	0	1872	0	7.9226356	STANDARD
11	0	3148	0	7.264306	STANDARD
11	0	3171	0	6.8350077	STANDARD
11	0	1835	0	6.4685783	STANDARD
11	0	1903	0	6.40683	STANDARD
11	0	2267	0	6.3979783	STANDARD
11	0	3150	0	6.263817	STANDARD
11	0	0724	0	6.2353516	STANDARD
11	0	2923	0	6.227856	STANDARD
11	0	2716	0	6.1706057	STANDARD
11	0	2956	0	5.960704	STANDARD
11	0	1043	0	5.8290634	STANDARD
11	0	2091	0	5.718911	STANDARD
11	0	2527	0	5.707391	STANDARD
11	0	0281	0	5.6361256	STANDARD
11	0	2316	0	5.634848	STANDARD
11	0	2198	0	5.1278105	STANDARD
11	0	2246	0	5.1028385	STANDARD
11	0	1627	0	5.0119104	STANDARD
11	0	2320	0	5.003911	STANDARD
11	0	3077	0	4.9715657	STANDARD
11	0	2815	0	4.969574	STANDARD
11	0	3080	0	4.8775983	STANDARD
11	0	1860	0	4.8656816	STANDARD
11	0	2317	0	4.7481146	STANDARD
11	0	0205	0	4.6925697	STANDARD
11	0	2081	0	4.573678	STANDARD
11	0	3185	0	4.5538116	STANDARD
11	0	2705	0	4.5382557	STANDARD
11	0	1358	0	4.4137506	STANDARD
11	0	0074	0	4.383378	STANDARD
11	0	0081	0	4.383378	STANDARD
11	0	0198	0	4.2516284	STANDARD
11	0	2787	0	4.159064	STANDARD
11	0	2003	0	4.1425796	STANDARD
11	0	2954	0	4.115198	STANDARD
11	0	0265	0	4.0698566	STANDARD
11	0	0232	0	4.0320387	STANDARD
11	0	1179	0	4.0140142	STANDARD
11	0	2873	0	4.0114875	STANDARD
11	0	1861	0	4.0040045	STANDARD
11	0	1466	0	3.9564955	STANDARD
11	0	0249	0	3.841101	STANDARD
11	0	2938	0	3.81985	STANDARD
12	0	3127	0	8.55428	STANDARD
12	0	1461	0	7.4208527	STANDARD
12	0	2246	0	5.5628858	STANDARD
12	0	3068	0	5.0257373	STANDARD
12	0	1930	0	5.006144	STANDARD
12	0	3196	0	4.756741	STANDARD
12	0	1462	0	4.1514463	STANDARD
12	0	2069	0	4.103133	STANDARD
12	0	2111	0	4.060242	STANDARD
12	0	2867	0	3.9673529	STANDARD
12	0	1247	0	3.8430839	STANDARD
12	0	1728	0	3.840386	STANDARD
12	0	2840	0	3.8308663	STANDARD
12	0	2482	0	3.7286985	STANDARD
12	0	2372	0	3.661541	STANDARD
12	0	2597	0	3.6395059	STANDARD
12	0	1750	0	3.6228862	STANDARD
12	0	2317	0	3.584076	STANDARD
12	0	2621	0	3.5536795	STANDARD
12	0	2080	0	3.524577	STANDARD
12	0	2796	0	3.5127134	STANDARD
12	0	2319	0	3.4873607	STANDARD
12	0	2740	0	3.4873607	STANDARD
12	0	2379	0	3.4801755	STANDARD
12	0	2151	0	3.475819	STANDARD
12	0	1069	0	3.4106603	STANDARD
12	0	1755	0	3.4106603	STANDARD
12	0	3025	0	3.404867	STANDARD
12	0	2138	0	3.39189	STANDARD
12	0	1747	0	3.360589	STANDARD
12	0	2320	0	3.2665052	STANDARD
12	0	3174	0	3.2665052	STANDARD
12	0	2424	0	3.2655044	STANDARD
12	0	1680	0	3.199251	STANDARD
12	0	1923	0	3.19066	STANDARD
12	0	2950	0	3.19066	STANDARD
12	0	3141	0	3.1244059	STANDARD
12	0	1751	0	3.1190748	STANDARD
12	0	2378	0	3.0783272	STANDARD
12	0	2629	0	3.0783272	STANDARD
12	0	2632	0	3.0783272	STANDARD
12	0	1324	0	3.0564945	STANDARD
12	0	1951	0	3.0564945	STANDARD
12	0	1226	0	3.0236905	STANDARD
12	0	0322	0	2.980492	STANDARD
12	0	2541	0	2.9574895	STANDARD
12	0	2522	0	2.9216027	STANDARD
12	0	2777	0	2.848996	STANDARD
12	0	2624	0	2.8344867	STANDARD
12	0	3137	0	2.760024	STANDARD
13	0	1947	0	8.070292	STANDARD
13	0	1795	0	7.427594	STANDARD
13	0	2495	0	6.7545433	STANDARD
13	0	2748	0	6.502706	STANDARD
13	0	2559	0	6.428734	STANDARD
13	0	2491	0	6.3970094	STANDARD
13	0	1886	0	5.984599	STANDARD
13	0	2944	0	5.9256005	STANDARD
13	0	2897	0	5.8857203	STANDARD
13	0	3080	0	5.571376	STANDARD
13	0	1901	0	5.5453324	STANDARD
13	0	2680	0	5.5062666	STANDARD
13	0	2537	0	5.328353	STANDARD
13	0	3054	0	5.210658	STANDARD
13	0	2904	0	5.0935373	STANDARD
13	0	2253	0	4.7400856	STANDARD
13	0	1195	0	4.689766	STANDARD
13	0	2464	0	4.667077	STANDARD
13	0	3171	0	4.5544176	STANDARD
13	0	2033	0	4.5043926	STANDARD
13	0	1564	0	4.467598	STANDARD
13	0	0164	0	4.4279866	STANDARD
13	0	3083	0	4.4051847	STANDARD
13	0	2929	0	4.399671	STANDARD
13	0	0117	0	4.311695	STANDARD
13	0	0267	0	4.311695	STANDARD
13	0	2374	0	4.2712226	STANDARD
13	0	2611	0	4.2099676	STANDARD
13	0	2508	0	4.2078233	STANDARD
13	0	2524	0	4.1711507	STANDARD
13	0	0195	0	4.115946	STANDARD
13	0	0797	0	4.115946	STANDARD
13	0	1969	0	4.0284734	STANDARD
13	0	1651	0	4.0191092	STANDARD
13	0	1223	0	3.9624028	STANDARD
13	0	2716	0	3.9476662	STANDARD
13	0	0031	0	3.9368813	STANDARD
13	0	1231	0	3.9272223	STANDARD
13	0	1655	0	3.9047415	STANDARD
13	0	1807	0	3.885336	STANDARD
13	0	2858	0	3.875789	STANDARD
13	0	0230	0	3.785977	STANDARD
13	0	1289	0	3.785977	STANDARD
13	0	0149	0	3.7467074	STANDARD
13	0	2835	0	3.708991	STANDARD
13	0	2423	0	3.6995497	STANDARD
13	0	2856	0	3.6790829	STANDARD
13	0	1064	0	3.6556811	STANDARD
13	0	1756	0	3.6556811	STANDARD
13	0	2964	0	3.6460848	STANDARD
14	0	3087	0	8.5959	STANDARD
14	0	3112	0	8.344296	STANDARD
14	0	3131	0	8.124989	STANDARD
14	0	2679	0	7.588045	STANDARD
14	0	2674	0	7.5439706	STANDARD
14	0	2964	0	7.434631	STANDARD
14	0	2181	0	7.36061	STANDARD
14	0	2819	0	7.128999	STANDARD
14	0	3164	0	7.1283207	STANDARD
14	0	3058	0	7.004609	STANDARD
14	0	2289	0	6.7736864	STANDARD
14	0	2716	0	6.52531	STANDARD
14	0	3037	0	6.493153	STANDARD
14	0	2890	0	6.32606	STANDARD
14	0	3132	0	6.171196	STANDARD
14	0	3057	0	6.1483526	STANDARD
14	0	1961	0	6.041273	STANDARD
14	0	2174	0	6.010469	STANDARD
14	0	3067	0	5.9477057	STANDARD
14	0	3085	0	5.8660126	STANDARD
14	0	2931	0	5.7777195	STANDARD
14	0	1752	0	5.6444273	STANDARD
14	0	2816	0	5.5666423	STANDARD
14	0	3075	0	5.520904	STANDARD
14	0	0307	0	5.4684734	STANDARD
14	0	2142	0	5.377003	STANDARD
14	0	3033	0	5.373905	STANDARD
14	0	2348	0	5.3693852	STANDARD
14	0	2900	0	5.326263	STANDARD
14	0	3011	0	5.31412	STANDARD
14	0	1886	0	5.285938	STANDARD
14	0	2750	0	5.256415	STANDARD
14	0	0132	0	5.1879945	STANDARD
14	0	0853	0	5.1879945	STANDARD
14	0	2563	0	5.1879945	STANDARD
14	0	1191	0	5.1821966	STANDARD
14	0	3017	0	5.1473904	STANDARD
14	0	1724	0	5.1238284	STANDARD
14	0	2691	0	5.067378	STANDARD
14	0	1873	0	5.0511503	STANDARD
14	0	0662	0	5.0347743	STANDARD
14	0	0701	0	5.0347743	STANDARD
14	0	2397	0	5.0347743	STANDARD
14	0	2976	0	5.0191293	STANDARD
14	0	2959	0	5.003294	STANDARD
14	0	0507	0	4.960456	STANDARD
14	0	2017	0	4.9556923	STANDARD
14	0	2812	0	4.9134507	STANDARD
14	0	0862	0	4.902172	STANDARD
14	0	2863	0	4.865183	STANDARD
15	0	3125	0	14.41889	STANDARD
15	0	2464	0	14.001231	STANDARD
15	0	2944	0	13.5026	STANDARD
15	0	2877	0	12.957735	STANDARD
15	0	2611	0	12.629903	STANDARD
15	0	2701	0	12.627312	STANDARD
15	0	1947	0	12.19221	STANDARD
15	0	1231	0	11.781667	STANDARD
15	0	3069	0	11.520487	STANDARD
15	0	1807	0	11.481631	STANDARD
15	0	2195	0	11.481631	STANDARD
15	0	1795	0	11.126973	STANDARD
15	0	2835	0	11.126973	STANDARD
15	0	3054	0	11.001441	STANDARD
15	0	2964	0	10.938254	STANDARD
15	0	2716	0	10.533381	STANDARD
15	0	2616	0	10.5149145	STANDARD
15	0	1886	0	10.464476	STANDARD
15	0	2929	0	10.276355	STANDARD
15	0	2133	0	10.146816	STANDARD
15	0	2344	0	10.105173	STANDARD
15	0	2388	0	9.895932	STANDARD
15	0	2142	0	9.689425	STANDARD
15	0	2897	0	9.600021	STANDARD
15	0	2495	0	9.53026	STANDARD
15	0	2904	0	9.53026	STANDARD
15	0	2836	0	9.42185	STANDARD
15	0	3080	0	9.317549	STANDARD
15	0	1223	0	9.242796	STANDARD
15	0	2290	0	9.21707	STANDARD
15	0	2411	0	8.936089	STANDARD
15	0	2923	0	8.9083805	STANDARD
15	0	1676	0	8.708648	STANDARD
15	0	0693	0	8.304562	STANDARD
15	0	2680	0	8.304562	STANDARD
15	0	2253	0	8.037405	STANDARD
15	0	2537	0	8.037405	STANDARD
15	0	2188	0	7.6936893	STANDARD
15	0	2134	0	7.369545	STANDARD
15	0	3018	0	7.369545	STANDARD
15	0	2953	0	7.1808825	STANDARD
15	0	2969	0	7.0054708	STANDARD
15	0	1658	0	6.841691	STANDARD
15	0	2579	0	6.841691	STANDARD
15	0	2812	0	6.841691	STANDARD
15	0	0104	0	6.688202	STANDARD
15	0	1195	0	6.688202	STANDARD
15	0	1564	0	6.688202	STANDARD
15	0	2715	0	6.688202	STANDARD
15	0	2858	0	6.688202	STANDARD
16	0	3141	0	10.534985	STANDARD
16	0	2080	0	9.633155	STANDARD
16	0	0243	0	9.258854	STANDARD
16	0	1135	0	9.105271	STANDARD
16	0	2378	0	8.598268	STANDARD
16	0	3021	0	8.367032	STANDARD
16	0	2438	0	8.33884	STANDARD
16	0	2217	0	8.214552	STANDARD
16	0	2740	0	7.9356365	STANDARD
16	0	1854	0	7.644762	STANDARD
16	0	1750	0	7.631531	STANDARD
16	0	0409	0	7.4241395	STANDARD
16	0	1461	0	7.4208527	STANDARD
16	0	2629	0	7.3341074	STANDARD
16	0	1846	0	7.3258257	STANDARD
16	0	3157	0	7.1661744	STANDARD
16	0	0858	0	7.14575	STANDARD
16	0	2184	0	6.822253	STANDARD
16	0	2688	0	6.78464	STANDARD
16	0	2376	0	6.7668114	STANDARD
16	0	2522	0	6.600692	STANDARD
16	0	2890	0	6.3725147	STANDARD
16	0	1749	0	6.3361044	STANDARD
16	0	2266	0	6.3078213	STANDARD
16	0	1210	0	6.288035	STANDARD
16	0	1462	0	6.2014775	STANDARD
16	0	2320	0	6.1736746	STANDARD
16	0	3148	0	6.1731834	STANDARD
16	0	2407	0	6.170005	STANDARD
16	0	2345	0	6.044699	STANDARD
16	0	1961	0	6.041273	STANDARD
16	0	1003	0	6.040421	STANDARD
16	0	2174	0	6.010469	STANDARD
16	0	2168	0	5.983366	STANDARD
16	0	3049	0	5.961819	STANDARD
16	0	1747	0	5.936113	STANDARD
16	0	2524	0	5.8458357	STANDARD
16	0	1753	0	5.8136754	STANDARD
16	0	1878	0	5.7880626	STANDARD
16	0	2339	0	5.7822437	STANDARD
16	0	3074	0	5.7262125	STANDARD
16	0	2949	0	5.6654806	STANDARD
16	0	1484	0	5.649692	STANDARD
16	0	3073	0	5.647998	STANDARD
16	0	2833	0	5.611477	STANDARD
16	0	1226	0	5.475948	STANDARD
16	0	2750	0	5.4734187	STANDARD
16	0	0307	0	5.4684734	STANDARD
16	0	2482	0	5.4615884	STANDARD
16	0	2138	0	5.441921	STANDARD
17	0	1223	0	8.72512	STANDARD
17	0	1658	0	8.2071705	STANDARD
17	0	1795	0	7.427594	STANDARD
17	0	2495	0	6.7545433	STANDARD
17	0	1757	0	6.7105947	STANDARD
17	0	2491	0	6.5615697	STANDARD
17	0	1947	0	6.54163	STANDARD
17	0	1134	0	6.403094	STANDARD
17	0	2748	0	6.038076	STANDARD
17	0	2253	0	6.0270996	STANDARD
17	0	2897	0	5.8857203	STANDARD
17	0	3080	0	5.571376	STANDARD
17	0	3054	0	5.210658	STANDARD
17	0	1676	0	5.1928196	STANDARD
17	0	2904	0	5.0935373	STANDARD
17	0	1154	0	4.909524	STANDARD
17	0	2464	0	4.667077	STANDARD
17	0	1564	0	4.467598	STANDARD
17	0	1402	0	4.4469647	STANDARD
17	0	2929	0	4.399671	STANDARD
17	0	2611	0	4.2099676	STANDARD
17	0	3005	0	4.2067204	STANDARD
17	0	0252	0	4.1376133	STANDARD
17	0	0195	0	4.115946	STANDARD
17	0	0797	0	4.115946	STANDARD
17	0	3171	0	4.100871	STANDARD
17	0	3115	0	4.0647326	STANDARD
17	0	1886	0	4.0513954	STANDARD
17	0	1783	0	3.9969652	STANDARD
17	0	0031	0	3.9368813	STANDARD
17	0	1392	0	3.9336507	STANDARD
17	0	1231	0	3.9272223	STANDARD
17	0	1655	0	3.9047415	STANDARD
17	0	1807	0	3.885336	STANDARD
17	0	2858	0	3.875789	STANDARD
17	0	1387	0	3.8742485	STANDARD
17	0	0230	0	3.785977	STANDARD
17	0	1289	0	3.785977	STANDARD
17	0	1523	0	3.7694528	STANDARD
17	0	2117	0	3.760067	STANDARD
17	0	1029	0	3.7153883	STANDARD
17	0	1062	0	3.7153883	STANDARD
17	0	2871	0	3.7153883	STANDARD
17	0	2835	0	3.708991	STANDARD
17	0	2423	0	3.6995497	STANDARD
17	0	2944	0	3.6981418	STANDARD
17	0	1064	0	3.6556811	STANDARD
17	0	1756	0	3.6556811	STANDARD
17	0	2964	0	3.6460848	STANDARD
17	0	2701	0	3.5839062	STANDARD
18	0	2138	0	12.128357	STANDARD
18	0	1988	0	8.906116	STANDARD
18	0	0249	0	8.496254	STANDARD
18	0	3110	0	8.110858	STANDARD
18	0	1852	0	8.0712595	STANDARD
18	0	0670	0	7.739809	STANDARD
18	0	2112	0	7.621764	STANDARD
18	0	2896	0	7.6210604	STANDARD
18	0	2495	0	7.090503	STANDARD
18	0	2175	0	7.0708437	STANDARD
18	0	1795	0	7.0663443	STANDARD
18	0	1811	0	6.7660575	STANDARD
18	0	2685	0	6.762521	STANDARD
18	0	2661	0	6.6281815	STANDARD
18	0	3075	0	6.5886693	STANDARD
18	0	3156	0	6.4849777	STANDARD
18	0	2266	0	6.406159	STANDARD
18	0	2567	0	6.3417807	STANDARD
18	0	1159	0	6.313724	STANDARD
18	0	2714	0	6.2912683	STANDARD
18	0	0950	0	6.290077	STANDARD
18	0	1223	0	6.1355786	STANDARD
18	0	2921	0	6.0897985	STANDARD
18	0	0799	0	6.056754	STANDARD
18	0	1665	0	5.8519683	STANDARD
18	0	2897	0	5.8327036	STANDARD
18	0	0243	0	5.7996416	STANDARD
18	0	2156	0	5.789163	STANDARD
18	0	3066	0	5.7782493	STANDARD
18	0	3127	0	5.7526407	STANDARD
18	0	2706	0	5.732185	STANDARD
18	0	1163	0	5.666026	STANDARD
18	0	1923	0	5.5254264	STANDARD
18	0	2298	0	5.4158926	STANDARD
18	0	0303	0	5.4133863	STANDARD
18	0	1548	0	5.4122066	STANDARD
18	0	1099	0	5.35698	STANDARD
18	0	2644	0	5.3195696	STANDARD
18	0	2411	0	5.314657	STANDARD
18	0	3148	0	5.260725	STANDARD
18	0	0637	0	5.180789	STANDARD
18	0	1463	0	5.109949	STANDARD
18	0	2570	0	5.0607834	STANDARD
18	0	0205	0	5.050841	STANDARD
18	0	2252	0	5.0088634	STANDARD
18	0	2939	0	5.0088634	STANDARD
18	0	2717	0	4.906489	STANDARD
18	0	2820	0	4.8818827	STANDARD
18	0	3080	0	4.869913	STANDARD
18	0	3005	0	4.847904	STANDARD
19	0	2973	0	4.9768324	STANDARD
19	0	3075	0	4.6012087	STANDARD
19	0	2266	0	4.2700224	STANDARD
19	0	1601	0	4.17686	STANDARD
19	0	2557	0	4.1720157	STANDARD
19	0	0950	0	4.169425	STANDARD
19	0	0141	0	4.090949	STANDARD
19	0	0392	0	4.090949	STANDARD
19	0	3156	0	3.9873497	STANDARD
19	0	1302	0	3.8444014	STANDARD
19	0	1468	0	3.752533	STANDARD
19	0	1952	0	3.7231221	STANDARD
19	0	2570	0	3.6104639	STANDARD
19	0	2838	0	3.6004655	STANDARD
19	0	2685	0	3.563827	STANDARD
19	0	2289	0	3.5342684	STANDARD
19	0	1660	0	3.506	STANDARD
19	0	2007	0	3.506	STANDARD
19	0	1158	0	3.4861424	STANDARD
19	0	1367	0	3.4861424	STANDARD
19	0	2182	0	3.4143867	STANDARD
19	0	2896	0	3.3694322	STANDARD
19	0	1262	0	3.3477411	STANDARD
19	0	1795	0	3.3477411	STANDARD
19	0	2700	0	3.3477411	STANDARD
19	0	0371	0	3.3296638	STANDARD
19	0	1828	0	3.285544	STANDARD
19	0	2433	0	3.2460618	STANDARD
19	0	1342	0	3.181463	STANDARD
19	0	1957	0	3.1701117	STANDARD
19	0	2714	0	3.157344	STANDARD
19	0	2952	0	3.1206853	STANDARD
19	0	0270	0	3.0538461	STANDARD
19	0	0804	0	3.0538461	STANDARD
19	0	2785	0	3.0102582	STANDARD
19	0	2895	0	2.9388773	STANDARD
19	0	1811	0	2.8476052	STANDARD
19	0	1374	0	2.842428	STANDARD
19	0	2417	0	2.842428	STANDARD
19	0	2830	0	2.842428	STANDARD
19	0	1796	0	2.7965477	STANDARD
19	0	2325	0	2.7965477	STANDARD
19	0	1569	0	2.7876968	STANDARD
19	0	2114	0	2.778841	STANDARD
19	0	2725	0	2.7529292	STANDARD
19	0	2692	0	2.7349977	STANDARD
19	0	2226	0	2.7113707	STANDARD
19	0	2401	0	2.7101154	STANDARD
19	0	2865	0	2.7101154	STANDARD
19	0	3059	0	2.7101154	STANDARD
20	0	2695	0	12.069502	STANDARD
20	0	2769	0	9.024944	STANDARD
20	0	1563	0	8.970533	STANDARD
20	0	2986	0	8.576447	STANDARD
20	0	2524	0	7.5417027	STANDARD
20	0	2780	0	7.1432266	STANDARD
20	0	2630	0	6.066632	STANDARD
20	0	1457	0	5.8816795	STANDARD
20	0	2199	0	5.849608	STANDARD
20	0	2442	0	5.849608	STANDARD
20	0	2506	0	5.849608	STANDARD
20	0	2490	0	5.4400496	STANDARD
20	0	2167	0	5.4062653	STANDARD
20	0	2232	0	5.388646	STANDARD
20	0	2905	0	5.2722297	STANDARD
20	0	2405	0	5.0422726	STANDARD
20	0	2273	0	5.0369024	STANDARD
20	0	0661	0	4.988564	STANDARD
20	0	2368	0	4.9344816	STANDARD
20	0	1963	0	4.788544	STANDARD
20	0	0749	0	4.6467233	STANDARD
20	0	2289	0	4.627642	STANDARD
20	0	1630	0	4.6040215	STANDARD
20	0	3176	0	4.557978	STANDARD
20	0	0315	0	4.4663186	STANDARD
20	0	0349	0	4.4663186	STANDARD
20	0	0956	0	4.4663186	STANDARD
20	0	2172	0	4.363071	STANDARD
20	0	2484	0	4.3510594	STANDARD
20	0	1787	0	4.3243246	STANDARD
20	0	3152	0	4.3150883	STANDARD
20	0	0635	0	4.3140807	STANDARD
20	0	0777	0	4.3140807	STANDARD
20	0	0936	0	4.3140807	STANDARD
20	0	2778	0	4.3140807	STANDARD
20	0	2888	0	4.302209	STANDARD
20	0	1481	0	4.211041	STANDARD
20	0	2161	0	4.211041	STANDARD
20	0	2461	0	4.211041	STANDARD
20	0	0256	0	4.182459	STANDARD
20	0	0285	0	4.182459	STANDARD
20	0	0301	0	4.182459	STANDARD
20	0	0496	0	4.182459	STANDARD
20	0	0511	0	4.182459	STANDARD
20	0	0751	0	4.182459	STANDARD
20	0	0896	0	4.182459	STANDARD
20	0	0955	0	4.182459	STANDARD
20	0	1151	0	4.182459	STANDARD
20	0	2766	0	4.1758523	STANDARD
20	0	0828	0	4.1456146	STANDARD
21	0	2337	0	9.348685	STANDARD
21	0	3018	0	8.662031	STANDARD
21	0	2325	0	8.488795	STANDARD
21	0	2702	0	7.946271	STANDARD
21	0	3086	0	7.9376183	STANDARD
21	0	3110	0	7.8428497	STANDARD
21	0	2110	0	7.5766726	STANDARD
21	0	2997	0	7.105214	STANDARD
21	0	2837	0	6.9906754	STANDARD
21	0	2743	0	6.7607865	STANDARD
21	0	2216	0	6.5627823	STANDARD
21	0	2927	0	6.2702127	STANDARD
21	0	2932	0	6.152299	STANDARD
21	0	3184	0	6.0584946	STANDARD
21	0	2706	0	5.983795	STANDARD
21	0	3162	0	5.6922474	STANDARD
21	0	1496	0	5.6257787	STANDARD
21	0	2771	0	5.385881	STANDARD
21	0	2226	0	5.3675675	STANDARD
21	0	1491	0	5.358963	STANDARD
21	0	2950	0	5.348254	STANDARD
21	0	2784	0	5.2927103	STANDARD
21	0	3165	0	5.155917	STANDARD
21	0	1309	0	5.139818	STANDARD
21	0	1650	0	5.075958	STANDARD
21	0	2454	0	5.0373473	STANDARD
21	0	3007	0	5.032287	STANDARD
21	0	2251	0	4.9858108	STANDARD
21	0	2703	0	4.976809	STANDARD
21	0	2169	0	4.9220753	STANDARD
21	0	2986	0	4.80931	STANDARD
21	0	1943	0	4.7976365	STANDARD
21	0	2936	0	4.7802315	STANDARD
21	0	2313	0	4.7788906	STANDARD
21	0	3131	0	4.7031326	STANDARD
21	0	1658	0	4.650148	STANDARD
21	0	3166	0	4.6394067	STANDARD
21	0	0425	0	4.6169634	STANDARD
21	0	0876	0	4.6169634	STANDARD
21	0	1462	0	4.5805187	STANDARD
21	0	2645	0	4.5505257	STANDARD
21	0	0883	0	4.5004153	STANDARD
21	0	1619	0	4.4935627	STANDARD
21	0	2903	0	4.472907	STANDARD
21	0	3070	0	4.4722266	STANDARD
21	0	2627	0	4.434886	STANDARD
21	0	0164	0	4.4279866	STANDARD
21	0	1659	0	4.409371	STANDARD
21	0	2828	0	4.3971977	STANDARD
21	0	0345	0	4.396288	STANDARD
22	0	2678	0	23.136066	STANDARD
22	0	2473	0	21.660734	STANDARD
22	0	2384	0	19.739473	STANDARD
22	0	2751	0	17.465782	STANDARD
22	0	2004	0	16.17149	STANDARD
22	0	2913	0	15.692063	STANDARD
22	0	2441	0	15.108345	STANDARD
22	0	2638	0	15.108345	STANDARD
22	0	2827	0	14.490126	STANDARD
22	0	2564	0	14.445566	STANDARD
22	0	2637	0	14.445566	STANDARD
22	0	2369	0	14.18837	STANDARD
22	0	1915	0	13.92352	STANDARD
22	0	2692	0	12.710917	STANDARD
22	0	2829	0	12.206231	STANDARD
22	0	2828	0	11.016425	STANDARD
22	0	2845	0	9.423739	STANDARD
22	0	1978	0	8.612649	STANDARD
22	0	2924	0	8.592419	STANDARD
22	0	0266	0	7.8395467	STANDARD
22	0	0087	0	7.5212407	STANDARD
22	0	0435	0	7.511441	STANDARD
22	0	2674	0	7.1473837	STANDARD
22	0	1181	0	7.0614166	STANDARD
22	0	0616	0	6.8018064	STANDARD
22	0	2687	0	6.7157116	STANDARD
22	0	2367	0	6.7019925	STANDARD
22	0	1742	0	6.6299157	STANDARD
22	0	2925	0	6.3682227	STANDARD
22	0	2809	0	6.231683	STANDARD
22	0	2341	0	6.202434	STANDARD
22	0	3049	0	6.1984615	STANDARD
22	0	1014	0	5.953513	STANDARD
22	0	3149	0	5.7549915	STANDARD
22	0	1400	0	5.7395315	STANDARD
22	0	2771	0	5.6270947	STANDARD
22	0	2967	0	5.6031747	STANDARD
22	0	2486	0	5.580408	STANDARD
22	0	2786	0	5.469696	STANDARD
22	0	2708	0	5.4607844	STANDARD
22	0	1397	0	5.397981	STANDARD
22	0	3111	0	5.390018	STANDARD
22	0	2201	0	5.3727465	STANDARD
22	0	1551	0	5.369955	STANDARD
22	0	2400	0	5.356955	STANDARD
22	0	2111	0	5.3561726	STANDARD
22	0	2273	0	5.3169756	STANDARD
22	0	0188	0	5.179385	STANDARD
22	0	2919	0	5.117304	STANDARD
22	0	0439	0	5.0697346	STANDARD
23	0	3148	0	7.157559	STANDARD
23	0	3137	0	6.2993813	STANDARD
23	0	2849	0	5.8897047	STANDARD
23	0	1745	0	5.3598013	STANDARD
23	0	2276	0	4.923496	STANDARD
23	0	2406	0	4.8464656	STANDARD
23	0	1873	0	4.7223377	STANDARD
23	0	2578	0	4.493213	STANDARD
23	0	0052	0	4.4199653	STANDARD
23	0	2630	0	4.3772154	STANDARD
23	0	2081	0	4.358797	STANDARD
23	0	3141	0	4.3098693	STANDARD
23	0	0088	0	4.2881513	STANDARD
23	0	3082	0	4.2881513	STANDARD
23	0	0072	0	4.1456146	STANDARD
23	0	3166	0	4.076519	STANDARD
23	0	3043	0	4.0684347	STANDARD
23	0	0627	0	4.050065	STANDARD
23	0	2949	0	4.0298977	STANDARD
23	0	1411	0	3.9921756	STANDARD
23	0	0147	0	3.9664547	STANDARD
23	0	1105	0	3.9664547	STANDARD
23	0	1780	0	3.931235	STANDARD
23	0	2890	0	3.9018886	STANDARD
23	0	2832	0	3.881144	STANDARD
23	0	0793	0	3.8712218	STANDARD
23	0	2454	0	3.7919898	STANDARD
23	0	2216	0	3.7785912	STANDARD
23	0	1952	0	3.7231221	STANDARD
23	0	2975	0	3.7205372	STANDARD
23	0	3124	0	3.7029665	STANDARD
23	0	2834	0	3.6753454	STANDARD
23	0	1831	0	3.653273	STANDARD
23	0	1153	0	3.6086411	STANDARD
23	0	2373	0	3.5497472	STANDARD
23	0	2433	0	3.5325086	STANDARD
23	0	3025	0	3.5234966	STANDARD
23	0	2130	0	3.5138044	STANDARD
23	0	1660	0	3.506	STANDARD
23	0	2007	0	3.506	STANDARD
23	0	0657	0	3.4761193	STANDARD
23	0	0830	0	3.4681768	STANDARD
23	0	2766	0	3.4461172	STANDARD
23	0	3086	0	3.4420094	STANDARD
23	0	2169	0	3.355896	STANDARD
23	0	0371	0	3.3296638	STANDARD
23	0	2371	0	3.3002944	STANDARD
23	0	2816	0	3.3002944	STANDARD
23	0	0080	0	3.2920709	STANDARD
23	0	1275	0	3.2822978	STANDARD
24	0	0268	0	6.106782	STANDARD
24	0	0020	0	5.9212933	STANDARD
24	0	1410	0	5.6471696	STANDARD
24	0	1696	0	5.585064	STANDARD
24	0	1194	0	5.062224	STANDARD
24	0	0412	0	4.5357437	STANDARD
24	0	1540	0	4.5062156	STANDARD
24	0	2882	0	4.1741495	STANDARD
24	0	0942	0	4.0950847	STANDARD
24	0	0293	0	4.059206	STANDARD
24	0	1435	0	3.8240478	STANDARD
24	0	2742	0	3.8240478	STANDARD
24	0	0927	0	3.8020074	STANDARD
24	0	3043	0	3.7227523	STANDARD
24	0	3120	0	3.6949148	STANDARD
24	0	1235	0	3.568214	STANDARD
24	0	1892	0	3.568214	STANDARD
24	0	2535	0	3.568214	STANDARD
24	0	2767	0	3.568214	STANDARD
24	0	2844	0	3.5405893	STANDARD
24	0	2342	0	3.3436935	STANDARD
24	0	2376	0	3.3373682	STANDARD
24	0	1438	0	3.2484906	STANDARD
24	0	2672	0	3.1811	STANDARD
24	0	3141	0	3.1811	STANDARD
24	0	2740	0	3.1435392	STANDARD
24	0	2255	0	3.1343846	STANDARD
24	0	1563	0	3.1309404	STANDARD
24	0	2371	0	3.089935	STANDARD
24	0	2504	0	3.089935	STANDARD
24	0	1749	0	3.06146	STANDARD
24	0	0618	0	2.9311204	STANDARD
24	0	2320	0	2.9071693	STANDARD
24	0	1846	0	2.8611069	STANDARD
24	0	1441	0	2.8221774	STANDARD
24	0	1748	0	2.8173075	STANDARD
24	0	2378	0	2.8173075	STANDARD
24	0	1233	0	2.7964292	STANDARD
24	0	1383	0	2.7470787	STANDARD
24	0	3128	0	2.7357147	STANDARD
24	0	2409	0	2.7234035	STANDARD
24	0	1198	0	2.7069674	STANDARD
24	0	1753	0	2.6791348	STANDARD
24	0	2080	0	2.6791348	STANDARD
24	0	2228	0	2.6791348	STANDARD
24	0	3073	0	2.6791348	STANDARD
24	0	1008	0	2.6778905	STANDARD
24	0	1631	0	2.6778905	STANDARD
24	0	3020	0	2.6778905	STANDARD
24	0	3184	0	2.6521635	STANDARD
25	0	2318	0	8.80266	STANDARD
25	0	3119	0	6.7748013	STANDARD
25	0	1938	0	6.682167	STANDARD
25	0	2984	0	6.665272	STANDARD
25	0	1653	0	6.568657	STANDARD
25	0	0436	0	6.443223	STANDARD
25	0	3089	0	6.275257	STANDARD
25	0	2812	0	5.742703	STANDARD
25	0	2542	0	5.63411	STANDARD
25	0	2741	0	5.576239	STANDARD
25	0	2268	0	5.5608244	STANDARD
25	0	2319	0	5.5316534	STANDARD
25	0	3136	0	5.463281	STANDARD
25	0	2894	0	5.3876343	STANDARD
25	0	2990	0	5.345016	STANDARD
25	0	3048	0	5.1250544	STANDARD
25	0	2634	0	5.094999	STANDARD
25	0	2882	0	5.0728874	STANDARD
25	0	2852	0	5.0532885	STANDARD
25	0	3070	0	4.9794536	STANDARD
25	0	2017	0	4.79416	STANDARD
25	0	2951	0	4.608867	STANDARD
25	0	2329	0	4.5655985	STANDARD
25	0	1728	0	4.529974	STANDARD
25	0	2522	0	4.463586	STANDARD
25	0	2535	0	4.4026365	STANDARD
25	0	1030	0	4.3882256	STANDARD
25	0	1374	0	4.383378	STANDARD
25	0	2988	0	4.375383	STANDARD
25	0	2298	0	4.3518524	STANDARD
25	0	2151	0	4.293254	STANDARD
25	0	0819	0	4.20355	STANDARD
25	0	2452	0	4.155465	STANDARD
25	0	1908	0	4.127156	STANDARD
25	0	1827	0	4.1092753	STANDARD
25	0	1719	0	4.095083	STANDARD
25	0	2502	0	4.09276	STANDARD
25	0	2553	0	4.09276	STANDARD
25	0	0360	0	4.0518866	STANDARD
25	0	0741	0	4.0518866	STANDARD
25	0	0742	0	4.0518866	STANDARD
25	0	1093	0	4.0518866	STANDARD
25	0	1128	0	4.0518866	STANDARD
25	0	1177	0	4.0518866	STANDARD
25	0	1267	0	3.9641473	STANDARD
25	0	2571	0	3.9601161	STANDARD
25	0	0268	0	3.9208362	STANDARD
25	0	0444	0	3.9208362	STANDARD
25	0	2818	0	3.8957462	STANDARD
25	0	2892	0	3.8870013	STANDARD
26	0	1461	0	7.4208527	STANDARD
26	0	2626	0	7.290233	STANDARD
26	0	2840	0	6.9142513	STANDARD
26	0	3105	0	6.792532	STANDARD
26	0	2632	0	6.580732	STANDARD
26	0	3128	0	5.8633647	STANDARD
26	0	2939	0	5.7439575	STANDARD
26	0	2817	0	5.7420034	STANDARD
26	0	2541	0	5.714719	STANDARD
26	0	2377	0	5.6850586	STANDARD
26	0	2938	0	5.6592555	STANDARD
26	0	2558	0	5.309	STANDARD
26	0	2314	0	5.2576675	STANDARD
26	0	1677	0	5.1535726	STANDARD
26	0	2866	0	5.1369953	STANDARD
26	0	2844	0	5.121923	STANDARD
26	0	2870	0	5.1216583	STANDARD
26	0	3068	0	5.0257373	STANDARD
26	0	3073	0	5.012615	STANDARD
26	0	2080	0	4.981638	STANDARD
26	0	1463	0	4.8786697	STANDARD
26	0	2372	0	4.865345	STANDARD
26	0	1750	0	4.8266897	STANDARD
26	0	2320	0	4.6013284	STANDARD
26	0	0483	0	4.5260487	STANDARD
26	0	2716	0	4.51792	STANDARD
26	0	1754	0	4.4582615	STANDARD
26	0	0059	0	4.4532213	STANDARD
26	0	2578	0	4.3636036	STANDARD
26	0	1747	0	4.333888	STANDARD
26	0	2936	0	4.1843286	STANDARD
26	0	1462	0	4.1514463	STANDARD
26	0	1680	0	4.1373734	STANDARD
26	0	2069	0	4.103133	STANDARD
26	0	0084	0	4.0851555	STANDARD
26	0	2111	0	4.060242	STANDARD
26	0	2036	0	4.0216646	STANDARD
26	0	2867	0	3.9673529	STANDARD
26	0	0086	0	3.9298563	STANDARD
26	0	1247	0	3.8430839	STANDARD
26	0	1728	0	3.840386	STANDARD
26	0	1591	0	3.8266068	STANDARD
26	0	2878	0	3.804441	STANDARD
26	0	3026	0	3.7351804	STANDARD
26	0	1485	0	3.7346168	STANDARD
26	0	2482	0	3.7286985	STANDARD
26	0	0618	0	3.7238693	STANDARD
26	0	3050	0	3.7096152	STANDARD
26	0	0121	0	3.6460845	STANDARD
26	0	2597	0	3.6395059	STANDARD
27	0	2069	0	8.96814	STANDARD
27	0	2297	0	8.607862	STANDARD
27	0	1461	0	7.4208527	STANDARD
27	0	1752	0	6.896906	STANDARD
27	0	2319	0	6.7857776	STANDARD
27	0	2406	0	6.682596	STANDARD
27	0	2902	0	6.492937	STANDARD
27	0	2358	0	6.2794056	STANDARD
27	0	2988	0	6.1109705	STANDARD
27	0	3006	0	6.0651727	STANDARD
27	0	2502	0	5.94147	STANDARD
27	0	2372	0	5.9086323	STANDARD
27	0	3000	0	5.9004374	STANDARD
27	0	1751	0	5.8379745	STANDARD
27	0	2740	0	5.6631794	STANDARD
27	0	1753	0	5.639368	STANDARD
27	0	2374	0	5.59197	STANDARD
27	0	1892	0	5.532276	STANDARD
27	0	2867	0	5.3227124	STANDARD
27	0	2577	0	5.3093643	STANDARD
27	0	2379	0	5.2845397	STANDARD
27	0	1728	0	5.255754	STANDARD
27	0	1901	0	5.2384887	STANDARD
27	0	2311	0	5.184721	STANDARD
27	0	2669	0	5.17404	STANDARD
27	0	2689	0	5.125361	STANDARD
27	0	2479	0	5.112894	STANDARD
27	0	2345	0	5.065206	STANDARD
27	0	2583	0	5.064041	STANDARD
27	0	1750	0	5.0382543	STANDARD
27	0	3068	0	5.0257373	STANDARD
27	0	1541	0	5.0182986	STANDARD
27	0	0059	0	5.0162306	STANDARD
27	0	2357	0	4.956296	STANDARD
27	0	2852	0	4.911649	STANDARD
27	0	3011	0	4.906025	STANDARD
27	0	2818	0	4.8586044	STANDARD
27	0	3050	0	4.7951846	STANDARD
27	0	3067	0	4.664361	STANDARD
27	0	0084	0	4.6411095	STANDARD
27	0	1959	0	4.624183	STANDARD
27	0	2314	0	4.6143165	STANDARD
27	0	2407	0	4.5458746	STANDARD
27	0	2481	0	4.53505	STANDARD
27	0	0086	0	4.4823503	STANDARD
27	0	2864	0	4.449593	STANDARD
27	0	2798	0	4.421367	STANDARD
27	0	1725	0	4.3567095	STANDARD
27	0	1698	0	4.29867	STANDARD
27	0	2017	0	4.2909336	STANDARD
28	0	2949	0	23.659433	STANDARD
28	0	3032	0	23.37357	STANDARD
28	0	2892	0	16.441217	STANDARD
28	0	2849	0	14.409992	STANDARD
28	0	2890	0	13.607739	STANDARD
28	0	1685	0	12.327927	STANDARD
28	0	2614	0	11.218895	STANDARD
28	0	3040	0	11.077161	STANDARD
28	0	3158	0	11.057462	STANDARD
28	0	2371	0	11.0031185	STANDARD
28	0	1846	0	10.946691	STANDARD
28	0	2776	0	10.432064	STANDARD
28	0	1181	0	10.069639	STANDARD
28	0	1695	0	9.756959	STANDARD
28	0	1611	0	9.756491	STANDARD
28	0	0616	0	9.752339	STANDARD
28	0	0828	0	9.704292	STANDARD
28	0	2951	0	9.594159	STANDARD
28	0	1723	0	9.42536	STANDARD
28	0	1261	0	9.3447895	STANDARD
28	0	2197	0	9.313685	STANDARD
28	0	2515	0	9.228631	STANDARD
28	0	1867	0	9.100137	STANDARD
28	0	1623	0	9.092682	STANDARD
28	0	1928	0	9.039566	STANDARD
28	0	1397	0	8.900386	STANDARD
28	0	3133	0	8.755194	STANDARD
28	0	0757	0	8.539436	STANDARD
28	0	1034	0	8.417287	STANDARD
28	0	0944	0	8.392165	STANDARD
28	0	0441	0	8.118949	STANDARD
28	0	2274	0	8.048648	STANDARD
28	0	2401	0	8.004206	STANDARD
28	0	2380	0	7.9917994	STANDARD
28	0	0383	0	7.9733744	STANDARD
28	0	0517	0	7.7424436	STANDARD
28	0	1688	0	7.7424436	STANDARD
28	0	1687	0	7.6366224	STANDARD
28	0	1690	0	7.6366224	STANDARD
28	0	2088	0	7.6366224	STANDARD
28	0	0367	0	7.594409	STANDARD
28	0	2046	0	7.550533	STANDARD
28	0	2969	0	7.5048304	STANDARD
28	0	3059	0	7.3818088	STANDARD
28	0	1776	0	7.35034	STANDARD
28	0	2016	0	7.329547	STANDARD
28	0	2625	0	7.3211684	STANDARD
28	0	1989	0	7.308303	STANDARD
28	0	2289	0	7.260386	STANDARD
28	0	2630	0	7.1036634	STANDARD
29	0	1840	0	10.88526	STANDARD
29	0	2644	0	10.801472	STANDARD
29	0	1841	0	10.525037	STANDARD
29	0	1537	0	10.3611555	STANDARD
29	0	1538	0	10.3611555	STANDARD
29	0	2462	0	10.3611555	STANDARD
29	0	1539	0	10.206522	STANDARD
29	0	2089	0	9.797432	STANDARD
29	0	2200	0	9.462074	STANDARD
29	0	2927	0	8.91552	STANDARD
29	0	1933	0	8.860368	STANDARD
29	0	1967	0	8.73875	STANDARD
29	0	3131	0	8.666037	STANDARD
29	0	3021	0	8.1066265	STANDARD
29	0	2232	0	7.9172993	STANDARD
29	0	1874	0	7.79435	STANDARD
29	0	1420	0	7.635255	STANDARD
29	0	2524	0	7.602667	STANDARD
29	0	0942	0	7.583164	STANDARD
29	0	2229	0	7.4983063	STANDARD
29	0	2087	0	7.43785	STANDARD
29	0	2770	0	7.3228216	STANDARD
29	0	0804	0	7.156252	STANDARD
29	0	2695	0	7.118484	STANDARD
29	0	2031	0	7.084319	STANDARD
29	0	2420	0	7.0491095	STANDARD
29	0	2167	0	7.0342293	STANDARD
29	0	1257	0	6.6972294	STANDARD
29	0	0294	0	6.6022415	STANDARD
29	0	2605	0	6.5600176	STANDARD
29	0	2138	0	6.4153748	STANDARD
29	0	2507	0	6.3762727	STANDARD
29	0	2206	0	6.312895	STANDARD
29	0	0197	0	6.252281	STANDARD
29	0	1725	0	6.1731825	STANDARD
29	0	0216	0	5.958555	STANDARD
29	0	0567	0	5.958555	STANDARD
29	0	0568	0	5.958555	STANDARD
29	0	1812	0	5.958555	STANDARD
29	0	2289	0	5.8616204	STANDARD
29	0	0944	0	5.7756243	STANDARD
29	0	2402	0	5.7162747	STANDARD
29	0	0353	0	5.7059627	STANDARD
29	0	0355	0	5.7059627	STANDARD
29	0	0628	0	5.7059627	STANDARD
29	0	1268	0	5.7059627	STANDARD
29	0	2325	0	5.6244965	STANDARD
29	0	1691	0	5.616317	STANDARD
29	0	2095	0	5.6023374	STANDARD
29	0	2767	0	5.581765	STANDARD
30	0	2876	0	14.114898	STANDARD
30	0	2341	0	12.7261505	STANDARD
30	0	1926	0	11.891022	STANDARD
30	0	3142	0	11.478817	STANDARD
30	0	0195	0	11.039925	STANDARD
30	0	2871	0	9.688493	STANDARD
30	0	0084	0	9.440271	STANDARD
30	0	2909	0	8.611511	STANDARD
30	0	0718	0	8.392232	STANDARD
30	0	2312	0	8.291229	STANDARD
30	0	2864	0	8.121084	STANDARD
30	0	2987	0	8.097601	STANDARD
30	0	0248	0	7.8528433	STANDARD
30	0	3179	0	7.8528433	STANDARD
30	0	2572	0	7.635885	STANDARD
30	0	1112	0	7.6016026	STANDARD
30	0	1256	0	7.4342785	STANDARD
30	0	3011	0	7.3768926	STANDARD
30	0	1248	0	7.3101573	STANDARD
30	0	2786	0	7.0319614	STANDARD
30	0	1383	0	6.9854302	STANDARD
30	0	2931	0	6.852055	STANDARD
30	0	2583	0	6.6939316	STANDARD
30	0	1457	0	6.6247206	STANDARD
30	0	1908	0	6.584166	STANDARD
30	0	2541	0	6.5505614	STANDARD
30	0	1470	0	6.4941187	STANDARD
30	0	0397	0	6.484955	STANDARD
30	0	1698	0	6.4302425	STANDARD
30	0	3173	0	6.4302425	STANDARD
30	0	2738	0	6.2885365	STANDARD
30	0	2989	0	6.288194	STANDARD
30	0	1461	0	6.227824	STANDARD
30	0	1413	0	6.1563573	STANDARD
30	0	2835	0	6.1563573	STANDARD
30	0	0633	0	6.1524796	STANDARD
30	0	1518	0	6.13113	STANDARD
30	0	1001	0	6.0334096	STANDARD
30	0	1828	0	6.0334096	STANDARD
30	0	2519	0	6.0334096	STANDARD
30	0	2764	0	6.0334096	STANDARD
30	0	2165	0	5.943012	STANDARD
30	0	1625	0	5.810047	STANDARD
30	0	1196	0	5.780608	STANDARD
30	0	1739	0	5.763819	STANDARD
30	0	3089	0	5.7598176	STANDARD
30	0	1097	0	5.758663	STANDARD
30	0	2882	0	5.757777	STANDARD
30	0	2305	0	5.7079864	STANDARD
30	0	2375	0	5.619367	STANDARD
31	0	1686	0	26.976925	STANDARD
31	0	3047	0	25.646236	STANDARD
31	0	3013	0	23.914215	STANDARD
31	0	2065	0	22.728535	STANDARD
31	0	1144	0	22.204111	STANDARD
31	0	2142	0	22.166107	STANDARD
31	0	2370	0	19.307547	STANDARD
31	0	2283	0	18.706512	STANDARD
31	0	2528	0	16.52032	STANDARD
31	0	2529	0	16.52032	STANDARD
31	0	1891	0	14.518428	STANDARD
31	0	1839	0	14.462529	STANDARD
31	0	1424	0	13.817601	STANDARD
31	0	3015	0	13.796087	STANDARD
31	0	2188	0	13.472651	STANDARD
31	0	1327	0	13.2105875	STANDARD
31	0	2211	0	12.928323	STANDARD
31	0	1929	0	12.689102	STANDARD
31	0	2421	0	12.427578	STANDARD
31	0	1415	0	12.2392645	STANDARD
31	0	2125	0	12.040398	STANDARD
31	0	0533	0	11.848573	STANDARD
31	0	1741	0	11.7407	STANDARD
31	0	1952	0	11.610574	STANDARD
31	0	2826	0	11.609136	STANDARD
31	0	2674	0	11.5183115	STANDARD
31	0	2446	0	11.470933	STANDARD
31	0	2231	0	11.313298	STANDARD
31	0	2051	0	11.298963	STANDARD
31	0	1388	0	11.268405	STANDARD
31	0	1660	0	11.165792	STANDARD
31	0	0078	0	11.05772	STANDARD
31	0	1659	0	11.050946	STANDARD
31	0	2275	0	10.812451	STANDARD
31	0	1261	0	10.795013	STANDARD
31	0	0415	0	10.74479	STANDARD
31	0	2721	0	10.27088	STANDARD
31	0	1233	0	10.233606	STANDARD
31	0	2687	0	10.20834	STANDARD
31	0	2050	0	10.192624	STANDARD
31	0	2486	0	10.144167	STANDARD
31	0	1085	0	10.125412	STANDARD
31	0	1196	0	9.91487	STANDARD
31	0	1384	0	9.896081	STANDARD
31	0	1543	0	9.73428	STANDARD
31	0	2004	0	9.70607	STANDARD
31	0	1796	0	9.690176	STANDARD
31	0	0986	0	9.607026	STANDARD
31	0	1251	0	9.607026	STANDARD
31	0	0491	0	9.574966	STANDARD
32	0	3139	0	27.379673	STANDARD
32	0	1839	0	22.649237	STANDARD
32	0	2177	0	20.599287	STANDARD
32	0	2630	0	19.854668	STANDARD
32	0	2289	0	19.239485	STANDARD
32	0	3018	0	19.0432	STANDARD
32	0	3156	0	18.858622	STANDARD
32	0	2408	0	18.762405	STANDARD
32	0	2619	0	17.881823	STANDARD
32	0	2490	0	17.569508	STANDARD
32	0	2172	0	17.452284	STANDARD
32	0	2883	0	16.996176	STANDARD
32	0	3040	0	16.944933	STANDARD
32	0	1481	0	16.844164	STANDARD
32	0	2161	0	16.844164	STANDARD
32	0	2461	0	16.844164	STANDARD
32	0	1961	0	16.7448	STANDARD
32	0	1145	0	16.72826	STANDARD
32	0	2368	0	16.581211	STANDARD
32	0	2934	0	16.572428	STANDARD
32	0	1563	0	16.43088	STANDARD
32	0	2790	0	16.318504	STANDARD
32	0	1529	0	16.287777	STANDARD
32	0	2752	0	15.855821	STANDARD
32	0	2430	0	15.643769	STANDARD
32	0	1905	0	15.579389	STANDARD
32	0	2290	0	15.575607	STANDARD
32	0	2484	0	15.542014	STANDARD
32	0	2763	0	15.495493	STANDARD
32	0	2275	0	15.274963	STANDARD
32	0	2052	0	14.969892	STANDARD
32	0	1983	0	14.7303295	STANDARD
32	0	2524	0	14.690607	STANDARD
32	0	2980	0	14.6265135	STANDARD
32	0	2155	0	14.547147	STANDARD
32	0	1504	0	14.296642	STANDARD
32	0	1822	0	13.613006	STANDARD
32	0	2877	0	13.490839	STANDARD
32	0	1791	0	13.203689	STANDARD
32	0	2015	0	13.192831	STANDARD
32	0	2695	0	13.164073	STANDARD
32	0	1847	0	13.012125	STANDARD
32	0	2444	0	12.38878	STANDARD
32	0	2769	0	12.374979	STANDARD
32	0	2059	0	12.274839	STANDARD
32	0	1415	0	12.253248	STANDARD
32	0	3164	0	12.161074	STANDARD
32	0	2178	0	12.034007	STANDARD
32	0	1899	0	11.937879	STANDARD
32	0	2697	0	10.943945	STANDARD
33	0	2697	0	24.092316	STANDARD
33	0	1963	0	23.238346	STANDARD
33	0	2335	0	22.209873	STANDARD
33	0	1954	0	20.649448	STANDARD
33	0	2043	0	20.649448	STANDARD
33	0	2281	0	19.667957	STANDARD
33	0	1692	0	19.008738	STANDARD
33	0	1809	0	18.816277	STANDARD
33	0	2284	0	18.016844	STANDARD
33	0	2824	0	18.007055	STANDARD
33	0	2806	0	17.552656	STANDARD
33	0	2554	0	17.411297	STANDARD
33	0	1577	0	17.084084	STANDARD
33	0	1707	0	16.866486	STANDARD
33	0	2047	0	16.664064	STANDARD
33	0	2805	0	16.637522	STANDARD
33	0	3016	0	16.084713	STANDARD
33	0	1662	0	16.066046	STANDARD
33	0	2695	0	15.949394	STANDARD
33	0	2325	0	15.501569	STANDARD
33	0	1501	0	15.403516	STANDARD
33	0	1666	0	15.12195	STANDARD
33	0	2544	0	15.0415125	STANDARD
33	0	1617	0	15.028791	STANDARD
33	0	0635	0	14.715433	STANDARD
33	0	2807	0	14.636686	STANDARD
33	0	1876	0	14.450366	STANDARD
33	0	0070	0	14.32676	STANDARD
33	0	1998	0	14.269643	STANDARD
33	0	2226	0	14.194714	STANDARD
33	0	1802	0	14.064695	STANDARD
33	0	0349	0	14.008871	STANDARD
33	0	2778	0	13.876089	STANDARD
33	0	2809	0	13.709156	STANDARD
33	0	2475	0	13.693076	STANDARD
33	0	1104	0	13.681112	STANDARD
33	0	1285	0	13.614363	STANDARD
33	0	1797	0	13.475896	STANDARD
33	0	1766	0	13.468439	STANDARD
33	0	1930	0	13.359598	STANDARD
33	0	0931	0	13.275911	STANDARD
33	0	1347	0	13.216102	STANDARD
33	0	0085	0	13.205984	STANDARD
33	0	1968	0	13.20597	STANDARD
33	0	0496	0	12.917782	STANDARD
33	0	0511	0	12.917782	STANDARD
33	0	2073	0	12.893356	STANDARD
33	0	1952	0	12.872103	STANDARD
33	0	2133	0	12.831547	STANDARD
33	0	3085	0	12.75579	STANDARD
36	0	1265	0	12.119891	STANDARD
36	0	2110	0	11.543475	STANDARD
36	0	2698	0	11.423269	STANDARD
36	0	2030	0	11.269251	STANDARD
36	0	2112	0	11.064598	STANDARD
36	0	2061	0	10.323596	STANDARD
36	0	2084	0	9.922109	STANDARD
36	0	2476	0	9.915166	STANDARD
36	0	1399	0	9.589076	STANDARD
36	0	2754	0	9.382745	STANDARD
36	0	2739	0	9.3754425	STANDARD
36	0	1131	0	9.240839	STANDARD
36	0	1350	0	8.940021	STANDARD
36	0	1787	0	8.870952	STANDARD
36	0	2733	0	8.702017	STANDARD
36	0	2836	0	8.191609	STANDARD
36	0	2340	0	7.973578	STANDARD
36	0	1737	0	7.869067	STANDARD
36	0	1836	0	7.635174	STANDARD
36	0	2179	0	7.603235	STANDARD
36	0	2703	0	7.433096	STANDARD
36	0	1012	0	7.396501	STANDARD
36	0	1825	0	7.0810413	STANDARD
36	0	1768	0	7.045643	STANDARD
36	0	2811	0	6.796048	STANDARD
36	0	1548	0	6.6677594	STANDARD
36	0	2702	0	6.5015273	STANDARD
36	0	2546	0	6.441376	STANDARD
36	0	1184	0	6.4110594	STANDARD
36	0	0949	0	6.297361	STANDARD
36	0	2603	0	6.2534595	STANDARD
36	0	2794	0	6.0333886	STANDARD
36	0	2581	0	5.9746156	STANDARD
36	0	1683	0	5.948207	STANDARD
36	0	1569	0	5.9479733	STANDARD
36	0	1020	0	5.669703	STANDARD
36	0	2643	0	5.6672606	STANDARD
36	0	2921	0	5.3812327	STANDARD
36	0	2795	0	5.28443	STANDARD
36	0	1855	0	5.2842894	STANDARD
36	0	1453	0	5.266379	STANDARD
36	0	2301	0	5.24783	STANDARD
36	0	1612	0	5.064235	STANDARD
36	0	2350	0	4.9986753	STANDARD
36	0	2113	0	4.911159	STANDARD
36	0	2641	0	4.794444	STANDARD
36	0	2982	0	4.7911334	STANDARD
36	0	1989	0	4.756036	STANDARD
36	0	2980	0	4.701611	STANDARD
36	0	0204	0	4.6861124	STANDARD
37	0	2265	0	30.286747	STANDARD
37	0	2956	0	26.492544	STANDARD
37	0	3105	0	23.83824	STANDARD
37	0	2632	0	23.534233	STANDARD
37	0	2912	0	22.98063	STANDARD
37	0	2376	0	22.54659	STANDARD
37	0	2651	0	21.377863	STANDARD
37	0	2060	0	21.12327	STANDARD
37	0	2558	0	20.965492	STANDARD
37	0	3142	0	20.427216	STANDARD
37	0	2957	0	19.840635	STANDARD
37	0	2341	0	19.50424	STANDARD
37	0	2958	0	18.83272	STANDARD
37	0	0618	0	18.48391	STANDARD
37	0	3103	0	18.259119	STANDARD
37	0	3031	0	18.111637	STANDARD
37	0	2941	0	17.566435	STANDARD
37	0	2560	0	17.324297	STANDARD
37	0	0243	0	16.929577	STANDARD
37	0	2321	0	16.377937	STANDARD
37	0	1455	0	16.062527	STANDARD
37	0	2850	0	15.980848	STANDARD
37	0	2794	0	15.600212	STANDARD
37	0	2342	0	15.278412	STANDARD
37	0	2369	0	14.965878	STANDARD
37	0	2229	0	14.792075	STANDARD
37	0	3021	0	14.540238	STANDARD
37	0	3128	0	14.205548	STANDARD
37	0	2080	0	14.131257	STANDARD
37	0	1828	0	14.118181	STANDARD
37	0	2033	0	14.064269	STANDARD
37	0	2233	0	14.048159	STANDARD
37	0	2242	0	13.728805	STANDARD
37	0	1135	0	13.478202	STANDARD
37	0	2513	0	13.4286175	STANDARD
37	0	3148	0	13.383961	STANDARD
37	0	1719	0	13.296247	STANDARD
37	0	1426	0	13.207917	STANDARD
37	0	1181	0	13.200564	STANDARD
37	0	1736	0	13.146927	STANDARD
37	0	2184	0	13.13365	STANDARD
37	0	2470	0	13.015667	STANDARD
37	0	2537	0	12.986954	STANDARD
37	0	0990	0	12.966063	STANDARD
37	0	2815	0	12.917333	STANDARD
37	0	1768	0	12.893759	STANDARD
37	0	0867	0	12.884785	STANDARD
37	0	2003	0	12.826974	STANDARD
37	0	1152	0	12.776539	STANDARD
37	0	1646	0	12.721105	STANDARD
38	0	2082	0	20.15575	STANDARD
38	0	3031	0	18.800838	STANDARD
38	0	3105	0	17.261246	STANDARD
38	0	2867	0	16.783413	STANDARD
38	0	2941	0	16.2822	STANDARD
38	0	3142	0	15.688265	STANDARD
38	0	1698	0	15.673235	STANDARD
38	0	2470	0	14.606798	STANDARD
38	0	2931	0	14.435777	STANDARD
38	0	1861	0	13.656072	STANDARD
38	0	2958	0	13.591567	STANDARD
38	0	1413	0	12.483362	STANDARD
38	0	2582	0	12.385243	STANDARD
38	0	2989	0	12.371225	STANDARD
38	0	2247	0	12.105788	STANDARD
38	0	3103	0	12.085523	STANDARD
38	0	1625	0	12.051412	STANDARD
38	0	2369	0	11.976812	STANDARD
38	0	2705	0	11.553852	STANDARD
38	0	1323	0	11.441212	STANDARD
38	0	3177	0	11.406758	STANDARD
38	0	2970	0	11.091685	STANDARD
38	0	0718	0	10.905558	STANDARD
38	0	2109	0	10.722459	STANDARD
38	0	2956	0	10.695941	STANDARD
38	0	1359	0	10.577023	STANDARD
38	0	2356	0	10.464493	STANDARD
38	0	2233	0	10.3086815	STANDARD
38	0	1470	0	10.245496	STANDARD
38	0	2558	0	10.138355	STANDARD
38	0	2909	0	10.078862	STANDARD
38	0	0670	0	9.966979	STANDARD
38	0	0483	0	9.932175	STANDARD
38	0	1456	0	9.715476	STANDARD
38	0	1768	0	9.594642	STANDARD
38	0	2815	0	9.571399	STANDARD
38	0	1787	0	9.513015	STANDARD
38	0	3148	0	9.468927	STANDARD
38	0	2572	0	9.385281	STANDARD
38	0	2480	0	9.385195	STANDARD
38	0	0595	0	9.234051	STANDARD
38	0	3087	0	9.198732	STANDARD
38	0	2651	0	9.0644245	STANDARD
38	0	2939	0	8.957481	STANDARD
38	0	3033	0	8.910838	STANDARD
38	0	0492	0	8.886487	STANDARD
38	0	2305	0	8.8678255	STANDARD
38	0	0867	0	8.853942	STANDARD
38	0	3082	0	8.832798	STANDARD
38	0	2309	0	8.79549	STANDARD
39	0	2651	0	29.649265	STANDARD
39	0	2940	0	25.312784	STANDARD
39	0	1861	0	20.369877	STANDARD
39	0	3103	0	19.571344	STANDARD
39	0	1614	0	18.693193	STANDARD
39	0	3105	0	18.104404	STANDARD
39	0	1902	0	17.941608	STANDARD
39	0	2958	0	15.962961	STANDARD
39	0	2931	0	15.845014	STANDARD
39	0	2082	0	15.33161	STANDARD
39	0	2470	0	15.308081	STANDARD
39	0	2956	0	15.25277	STANDARD
39	0	2785	0	14.597118	STANDARD
39	0	2957	0	14.233483	STANDARD
39	0	2941	0	13.906904	STANDARD
39	0	1213	0	13.722227	STANDARD
39	0	2254	0	13.480202	STANDARD
39	0	1678	0	13.181046	STANDARD
39	0	2684	0	13.043085	STANDARD
39	0	1602	0	12.982954	STANDARD
39	0	2078	0	12.783516	STANDARD
39	0	3031	0	12.71928	STANDARD
39	0	0527	0	12.23497	STANDARD
39	0	2341	0	12.209378	STANDARD
39	0	1626	0	12.086058	STANDARD
39	0	1142	0	12.070178	STANDARD
39	0	2705	0	12.021453	STANDARD
39	0	2265	0	11.969999	STANDARD
39	0	1262	0	11.969366	STANDARD
39	0	2138	0	11.57849	STANDARD
39	0	2527	0	11.397817	STANDARD
39	0	2558	0	11.3735075	STANDARD
39	0	2898	0	11.270781	STANDARD
39	0	1703	0	11.006319	STANDARD
39	0	2406	0	10.956331	STANDARD
39	0	1869	0	10.859567	STANDARD
39	0	1491	0	10.7198305	STANDARD
39	0	0630	0	10.710573	STANDARD
39	0	2320	0	10.705455	STANDARD
39	0	1693	0	10.6553545	STANDARD
39	0	1439	0	10.580138	STANDARD
39	0	3101	0	10.552761	STANDARD
39	0	2425	0	10.50825	STANDARD
39	0	2126	0	10.362499	STANDARD
39	0	1625	0	10.294048	STANDARD
39	0	1098	0	10.210508	STANDARD
39	0	1379	0	10.096738	STANDARD
39	0	1470	0	10.06796	STANDARD
39	0	0595	0	10.062622	STANDARD
39	0	2699	0	10.054431	STANDARD
40	0	2295	0	24.166063	STANDARD
40	0	2265	0	22.815966	STANDARD
40	0	2956	0	20.682903	STANDARD
40	0	2651	0	20.013638	STANDARD
40	0	1588	0	19.63075	STANDARD
40	0	1098	0	19.501507	STANDARD
40	0	2317	0	18.60822	STANDARD
40	0	3105	0	18.543839	STANDARD
40	0	2148	0	17.87292	STANDARD
40	0	1142	0	17.45498	STANDARD
40	0	2939	0	17.436222	STANDARD
40	0	1485	0	17.423605	STANDARD
40	0	2940	0	17.185158	STANDARD
40	0	1470	0	16.799366	STANDARD
40	0	2941	0	16.639654	STANDARD
40	0	2060	0	16.091263	STANDARD
40	0	1457	0	15.915148	STANDARD
40	0	1466	0	15.825982	STANDARD
40	0	0249	0	15.364404	STANDARD
40	0	2138	0	15.207206	STANDARD
40	0	1051	0	15.160369	STANDARD
40	0	2513	0	15.110718	STANDARD
40	0	2406	0	14.998364	STANDARD
40	0	2699	0	14.938131	STANDARD
40	0	2316	0	14.730699	STANDARD
40	0	1102	0	14.2422	STANDARD
40	0	1138	0	14.2422	STANDARD
40	0	1456	0	14.158888	STANDARD
40	0	1324	0	14.144101	STANDARD
40	0	1459	0	14.1258545	STANDARD
40	0	1678	0	14.109523	STANDARD
40	0	1162	0	14.045867	STANDARD
40	0	2051	0	14.025915	STANDARD
40	0	0463	0	13.644502	STANDARD
40	0	0651	0	13.644502	STANDARD
40	0	2603	0	13.293168	STANDARD
40	0	2717	0	13.130653	STANDARD
40	0	0628	0	13.129191	STANDARD
40	0	0762	0	13.129191	STANDARD
40	0	2814	0	13.129191	STANDARD
40	0	3188	0	13.049699	STANDARD
40	0	2254	0	12.91843	STANDARD
40	0	2632	0	12.839863	STANDARD
40	0	2705	0	12.464268	STANDARD
40	0	1988	0	12.341429	STANDARD
40	0	1306	0	12.329527	STANDARD
40	0	1135	0	12.2747345	STANDARD
40	0	1614	0	12.225353	STANDARD
40	0	2558	0	12.179738	STANDARD
40	0	1703	0	12.12317	STANDARD
42	0	2641	0	12.617278	STANDARD
42	0	0462	0	9.598629	STANDARD
42	0	0204	0	9.025606	STANDARD
42	0	2019	0	8.227877	STANDARD
42	0	2215	0	8.149429	STANDARD
42	0	1653	0	7.9255614	STANDARD
42	0	2402	0	7.7585106	STANDARD
42	0	2318	0	7.7190404	STANDARD
42	0	2811	0	7.360364	STANDARD
42	0	0633	0	7.17136	STANDARD
42	0	2788	0	7.17136	STANDARD
42	0	2980	0	7.105776	STANDARD
42	0	2910	0	7.0663476	STANDARD
42	0	2370	0	6.971366	STANDARD
42	0	1726	0	6.9003553	STANDARD
42	0	2894	0	6.838423	STANDARD
42	0	2991	0	6.7055054	STANDARD
42	0	2984	0	6.665272	STANDARD
42	0	2231	0	6.5294223	STANDARD
42	0	3089	0	6.519562	STANDARD
42	0	0436	0	6.443223	STANDARD
42	0	2232	0	6.418034	STANDARD
42	0	2054	0	6.371292	STANDARD
42	0	2310	0	6.322651	STANDARD
42	0	2319	0	6.110991	STANDARD
42	0	2542	0	6.037999	STANDARD
42	0	2494	0	5.760695	STANDARD
42	0	3132	0	5.6608124	STANDARD
42	0	3070	0	5.632029	STANDARD
42	0	2829	0	5.5778155	STANDARD
42	0	2437	0	5.52739	STANDARD
42	0	2451	0	5.5173273	STANDARD
42	0	2789	0	5.4998417	STANDARD
42	0	0961	0	5.465644	STANDARD
42	0	2849	0	5.4154882	STANDARD
42	0	0827	0	5.40235	STANDARD
42	0	2990	0	5.3893485	STANDARD
42	0	3149	0	5.3533163	STANDARD
42	0	1050	0	5.3368626	STANDARD
42	0	3078	0	5.2174706	STANDARD
42	0	1938	0	5.201439	STANDARD
42	0	2561	0	5.162655	STANDARD
42	0	3048	0	5.1250544	STANDARD
42	0	3119	0	5.106757	STANDARD
42	0	2711	0	5.092155	STANDARD
42	0	1030	0	5.0919814	STANDARD
42	0	3135	0	5.043749	STANDARD
42	0	1931	0	5.0434504	STANDARD
42	0	2107	0	5.0322876	STANDARD
42	0	2974	0	4.8616595	STANDARD
43	0	2771	0	19.62315	STANDARD
43	0	2569	0	18.634098	STANDARD
43	0	3107	0	18.21169	STANDARD
43	0	3098	0	17.792656	STANDARD
43	0	2847	0	17.034256	STANDARD
43	0	2341	0	16.945572	STANDARD
43	0	3052	0	16.785732	STANDARD
43	0	3046	0	16.583681	STANDARD
43	0	2754	0	16.42502	STANDARD
43	0	2883	0	15.701088	STANDARD
43	0	2455	0	15.496994	STANDARD
43	0	3125	0	15.449919	STANDARD
43	0	2829	0	14.626398	STANDARD
43	0	1528	0	11.168331	STANDARD
43	0	3149	0	9.6810055	STANDARD
43	0	2232	0	9.429351	STANDARD
43	0	3135	0	9.281517	STANDARD
43	0	2751	0	9.256714	STANDARD
43	0	1553	0	8.694839	STANDARD
43	0	2910	0	8.488587	STANDARD
43	0	1272	0	8.246392	STANDARD
43	0	1399	0	8.203349	STANDARD
43	0	2924	0	7.752394	STANDARD
43	0	2054	0	7.7452497	STANDARD
43	0	2841	0	7.6566906	STANDARD
43	0	3197	0	7.2677274	STANDARD
43	0	2113	0	6.9773917	STANDARD
43	0	2402	0	6.6376405	STANDARD
43	0	0633	0	6.5085173	STANDARD
43	0	2828	0	6.397463	STANDARD
43	0	2703	0	6.3185306	STANDARD
43	0	0825	0	6.248427	STANDARD
43	0	2153	0	5.9678764	STANDARD
43	0	0094	0	5.8460836	STANDARD
43	0	3170	0	5.8272004	STANDARD
43	0	1771	0	5.753785	STANDARD
43	0	2407	0	5.743876	STANDARD
43	0	2988	0	5.706258	STANDARD
43	0	3100	0	5.6717706	STANDARD
43	0	1554	0	5.620122	STANDARD
43	0	2375	0	5.531642	STANDARD
43	0	2230	0	5.498802	STANDARD
43	0	2339	0	5.481588	STANDARD
43	0	2345	0	5.464337	STANDARD
43	0	1604	0	5.445666	STANDARD
43	0	2310	0	5.440794	STANDARD
43	0	0462	0	5.439082	STANDARD
43	0	2370	0	5.4387484	STANDARD
43	0	2556	0	5.412458	STANDARD
43	0	1182	0	5.387003	STANDARD
44	0	2829	0	24.225292	STANDARD
44	0	2523	0	22.606676	STANDARD
44	0	2325	0	10.163265	STANDARD
44	0	0525	0	7.7131734	STANDARD
44	0	2825	0	7.5273237	STANDARD
44	0	1002	0	7.503272	STANDARD
44	0	2478	0	7.4415574	STANDARD
44	0	1679	0	7.1547637	STANDARD
44	0	2751	0	6.9248705	STANDARD
44	0	0461	0	6.85032	STANDARD
44	0	1732	0	6.7561445	STANDARD
44	0	1823	0	6.7561445	STANDARD
44	0	0931	0	6.6193805	STANDARD
44	0	1653	0	6.0754447	STANDARD
44	0	1404	0	6.0718226	STANDARD
44	0	1801	0	6.048178	STANDARD
44	0	1104	0	5.9790397	STANDARD
44	0	1141	0	5.9790397	STANDARD
44	0	0533	0	5.8923483	STANDARD
44	0	2125	0	5.8420825	STANDARD
44	0	1809	0	5.8242035	STANDARD
44	0	0167	0	5.7263002	STANDARD
44	0	1250	0	5.7263002	STANDARD
44	0	2221	0	5.7198143	STANDARD
44	0	2754	0	5.6735406	STANDARD
44	0	2494	0	5.5816593	STANDARD
44	0	2771	0	5.5131392	STANDARD
44	0	0085	0	5.504956	STANDARD
44	0	0633	0	5.504956	STANDARD
44	0	0826	0	5.504956	STANDARD
44	0	1802	0	5.504956	STANDARD
44	0	1260	0	5.4815354	STANDARD
44	0	1782	0	5.2177987	STANDARD
44	0	1686	0	5.152913	STANDARD
44	0	0912	0	5.1317573	STANDARD
44	0	2735	0	5.083903	STANDARD
44	0	1780	0	5.049828	STANDARD
44	0	0238	0	4.9716587	STANDARD
44	0	0631	0	4.9716587	STANDARD
44	0	1855	0	4.9716587	STANDARD
44	0	2050	0	4.886533	STANDARD
44	0	2310	0	4.8759246	STANDARD
44	0	2719	0	4.8727536	STANDARD
44	0	2019	0	4.698421	STANDARD
44	0	0643	0	4.690919	STANDARD
44	0	2671	0	4.690919	STANDARD
44	0	2831	0	4.690919	STANDARD
44	0	1014	0	4.6878004	STANDARD
44	0	2391	0	4.6861124	STANDARD
44	0	0974	0	4.6562786	STANDARD
45	0	2452	0	14.206347	STANDARD
45	0	2765	0	13.932521	STANDARD
45	0	2816	0	11.654961	STANDARD
45	0	1976	0	11.460066	STANDARD
45	0	2318	0	10.556942	STANDARD
45	0	2969	0	10.285288	STANDARD
45	0	2926	0	10.129785	STANDARD
45	0	2957	0	9.8104	STANDARD
45	0	2860	0	8.891334	STANDARD
45	0	2984	0	8.758987	STANDARD
45	0	2978	0	8.677974	STANDARD
45	0	2114	0	8.513187	STANDARD
45	0	1267	0	8.363394	STANDARD
45	0	2979	0	8.299076	STANDARD
45	0	3012	0	8.158006	STANDARD
45	0	1412	0	8.092348	STANDARD
45	0	3137	0	7.9489975	STANDARD
45	0	1271	0	7.8858585	STANDARD
45	0	1194	0	7.856593	STANDARD
45	0	3181	0	7.8487754	STANDARD
45	0	2716	0	7.605864	STANDARD
45	0	3128	0	7.5778666	STANDARD
45	0	2991	0	7.5224023	STANDARD
45	0	1534	0	7.3873196	STANDARD
45	0	1226	0	7.3591976	STANDARD
45	0	2437	0	7.354477	STANDARD
45	0	2976	0	7.3270283	STANDARD
45	0	0397	0	7.2387724	STANDARD
45	0	2375	0	7.2250333	STANDARD
45	0	2359	0	7.1882057	STANDARD
45	0	3002	0	7.126548	STANDARD
45	0	3070	0	7.112891	STANDARD
45	0	3089	0	7.068196	STANDARD
45	0	2812	0	7.0136304	STANDARD
45	0	1765	0	7.0091295	STANDARD
45	0	2718	0	6.921317	STANDARD
45	0	2319	0	6.8951206	STANDARD
45	0	2493	0	6.8947935	STANDARD
45	0	3011	0	6.8903737	STANDARD
45	0	1745	0	6.8865438	STANDARD
45	0	1033	0	6.8590097	STANDARD
45	0	2928	0	6.838511	STANDARD
45	0	2358	0	6.763705	STANDARD
45	0	3058	0	6.745028	STANDARD
45	0	3063	0	6.7356853	STANDARD
45	0	3129	0	6.6486053	STANDARD
45	0	3082	0	6.646346	STANDARD
45	0	1519	0	6.5843077	STANDARD
45	0	2631	0	6.568069	STANDARD
45	0	2680	0	6.5479107	STANDARD
48	0	2325	0	16.301579	STANDARD
48	0	2142	0	14.517466	STANDARD
48	0	2968	0	14.044764	STANDARD
48	0	1651	0	14.019984	STANDARD
48	0	2310	0	13.060476	STANDARD
48	0	2850	0	12.510527	STANDARD
48	0	1722	0	11.896001	STANDARD
48	0	1612	0	11.685714	STANDARD
48	0	1066	0	10.687454	STANDARD
48	0	2324	0	10.645375	STANDARD
48	0	2766	0	10.62013	STANDARD
48	0	0265	0	10.49327	STANDARD
48	0	3124	0	10.052825	STANDARD
48	0	3037	0	9.938202	STANDARD
48	0	1463	0	9.809774	STANDARD
48	0	2932	0	9.776891	STANDARD
48	0	2904	0	9.774323	STANDARD
48	0	2699	0	9.720215	STANDARD
48	0	2646	0	9.640996	STANDARD
48	0	2273	0	9.48071	STANDARD
48	0	3010	0	9.232664	STANDARD
48	0	2624	0	9.227231	STANDARD
48	0	2675	0	9.137548	STANDARD
48	0	2226	0	9.071832	STANDARD
48	0	1658	0	9.019222	STANDARD
48	0	2314	0	9.017052	STANDARD
48	0	2592	0	8.973624	STANDARD
48	0	2903	0	8.830249	STANDARD
48	0	2953	0	8.808544	STANDARD
48	0	1433	0	8.727322	STANDARD
48	0	2362	0	8.718142	STANDARD
48	0	3130	0	8.630839	STANDARD
48	0	1809	0	8.615823	STANDARD
48	0	1860	0	8.5762	STANDARD
48	0	2884	0	8.511156	STANDARD
48	0	1392	0	8.506062	STANDARD
48	0	2665	0	8.48748	STANDARD
48	0	2589	0	8.440806	STANDARD
48	0	2389	0	8.391962	STANDARD
48	0	3136	0	8.349665	STANDARD
48	0	1605	0	8.334967	STANDARD
48	0	2135	0	8.316455	STANDARD
48	0	2997	0	8.301463	STANDARD
48	0	2337	0	8.259939	STANDARD
48	0	2828	0	8.179052	STANDARD
48	0	2509	0	8.168801	STANDARD
48	0	2081	0	8.148696	STANDARD
48	0	2433	0	8.126627	STANDARD
48	0	1873	0	8.102196	STANDARD
48	0	3103	0	8.082842	STANDARD
49	0	0651	0	11.682618	STANDARD
49	0	2390	0	10.783824	STANDARD
49	0	3012	0	9.943177	STANDARD
49	0	0239	0	9.400263	STANDARD
49	0	3134	0	8.718123	STANDARD
49	0	1514	0	8.558753	STANDARD
49	0	2795	0	8.295918	STANDARD
49	0	2307	0	8.2416315	STANDARD
49	0	2163	0	7.9494486	STANDARD
49	0	2990	0	7.871695	STANDARD
49	0	1541	0	7.7479067	STANDARD
49	0	0652	0	7.7133493	STANDARD
49	0	1032	0	7.2815456	STANDARD
49	0	2345	0	7.1211295	STANDARD
49	0	1699	0	7.119008	STANDARD
49	0	2882	0	7.1154776	STANDARD
49	0	2407	0	7.007386	STANDARD
49	0	1959	0	6.920354	STANDARD
49	0	0634	0	6.805046	STANDARD
49	0	2583	0	6.724373	STANDARD
49	0	1457	0	6.680791	STANDARD
49	0	3090	0	6.637424	STANDARD
49	0	0987	0	6.61067	STANDARD
49	0	2288	0	6.584222	STANDARD
49	0	1725	0	6.5601816	STANDARD
49	0	3177	0	6.504248	STANDARD
49	0	2479	0	6.47138	STANDARD
49	0	2840	0	6.444028	STANDARD
49	0	2318	0	6.4188676	STANDARD
49	0	2278	0	6.411294	STANDARD
49	0	2985	0	6.322038	STANDARD
49	0	2402	0	6.28807	STANDARD
49	0	1461	0	6.227824	STANDARD
49	0	0982	0	6.08595	STANDARD
49	0	0275	0	6.029071	STANDARD
49	0	1728	0	6.0241985	STANDARD
49	0	2798	0	6.0241985	STANDARD
49	0	1066	0	5.945719	STANDARD
49	0	1935	0	5.9343433	STANDARD
49	0	3100	0	5.916398	STANDARD
49	0	2311	0	5.8597107	STANDARD
49	0	2852	0	5.85711	STANDARD
49	0	2070	0	5.8298526	STANDARD
49	0	2577	0	5.8097925	STANDARD
49	0	2519	0	5.783762	STANDARD
49	0	2968	0	5.7424293	STANDARD
49	0	3144	0	5.699895	STANDARD
49	0	2532	0	5.6506624	STANDARD
49	0	3181	0	5.634461	STANDARD
49	0	3142	0	5.567998	STANDARD
57	0	3077	0	42.905415	STANDARD
57	0	3140	0	29.193218	STANDARD
57	0	1905	0	13.387829	STANDARD
57	0	1106	0	12.348446	STANDARD
57	0	2705	0	11.095229	STANDARD
57	0	1705	0	11.002965	STANDARD
57	0	3008	0	10.871509	STANDARD
57	0	1137	0	9.983706	STANDARD
57	0	0196	0	9.893211	STANDARD
57	0	2850	0	9.355404	STANDARD
57	0	2922	0	9.274625	STANDARD
57	0	2700	0	8.985902	STANDARD
57	0	0437	0	8.904889	STANDARD
57	0	2802	0	8.748484	STANDARD
57	0	0632	0	8.697594	STANDARD
57	0	0209	0	8.650953	STANDARD
57	0	1132	0	8.650953	STANDARD
57	0	0001	0	8.42835	STANDARD
57	0	0176	0	8.42835	STANDARD
57	0	3138	0	8.412453	STANDARD
57	0	3060	0	8.410443	STANDARD
57	0	2113	0	8.273587	STANDARD
57	0	1764	0	8.250215	STANDARD
57	0	0134	0	8.021803	STANDARD
57	0	1977	0	7.6996827	STANDARD
57	0	0905	0	7.6449766	STANDARD
57	0	0065	0	7.6071677	STANDARD
57	0	0233	0	7.4342785	STANDARD
57	0	2470	0	7.3436184	STANDARD
57	0	3191	0	7.3314476	STANDARD
57	0	0406	0	7.2546115	STANDARD
57	0	1046	0	7.098766	STANDARD
57	0	3160	0	7.0877314	STANDARD
57	0	1469	0	7.0725513	STANDARD
57	0	1183	0	6.999768	STANDARD
57	0	0133	0	6.9238467	STANDARD
57	0	1458	0	6.917338	STANDARD
57	0	1119	0	6.8751054	STANDARD
57	0	1205	0	6.769645	STANDARD
57	0	1914	0	6.737639	STANDARD
57	0	3122	0	6.6877203	STANDARD
57	0	2414	0	6.633698	STANDARD
57	0	0890	0	6.5210795	STANDARD
57	0	1942	0	6.4745913	STANDARD
57	0	2181	0	6.4644623	STANDARD
57	0	1086	0	6.4281616	STANDARD
57	0	1700	0	6.2791705	STANDARD
57	0	1391	0	6.261244	STANDARD
57	0	2027	0	6.182991	STANDARD
57	0	1029	0	6.138499	STANDARD
58	0	2634	0	19.219793	STANDARD
58	0	1816	0	18.853441	STANDARD
58	0	1344	0	18.1476	STANDARD
58	0	1474	0	17.763887	STANDARD
58	0	1709	0	15.808093	STANDARD
58	0	1779	0	13.918878	STANDARD
58	0	2395	0	13.706283	STANDARD
58	0	2098	0	13.422925	STANDARD
58	0	3138	0	13.3299055	STANDARD
58	0	1944	0	13.190228	STANDARD
58	0	1698	0	13.0633335	STANDARD
58	0	1578	0	12.913734	STANDARD
58	0	1946	0	12.7513275	STANDARD
58	0	1171	0	12.514163	STANDARD
58	0	1637	0	12.414109	STANDARD
58	0	0840	0	12.246341	STANDARD
58	0	1420	0	12.144274	STANDARD
58	0	1695	0	12.125961	STANDARD
58	0	3166	0	12.10486	STANDARD
58	0	1398	0	11.95116	STANDARD
58	0	3049	0	11.771585	STANDARD
58	0	2062	0	11.689144	STANDARD
58	0	2670	0	11.600113	STANDARD
58	0	2825	0	11.57663	STANDARD
58	0	1631	0	11.442476	STANDARD
58	0	2216	0	11.360516	STANDARD
58	0	1691	0	11.198283	STANDARD
58	0	2585	0	11.169703	STANDARD
58	0	2604	0	11.012969	STANDARD
58	0	2849	0	10.965978	STANDARD
58	0	2999	0	10.848549	STANDARD
58	0	2225	0	10.370357	STANDARD
58	0	2025	0	10.367176	STANDARD
58	0	2145	0	10.26495	STANDARD
58	0	2993	0	10.262402	STANDARD
58	0	2373	0	10.0844755	STANDARD
58	0	1252	0	9.972544	STANDARD
58	0	1978	0	9.887864	STANDARD
58	0	1986	0	9.772966	STANDARD
58	0	0382	0	9.719146	STANDARD
58	0	2418	0	9.6460705	STANDARD
58	0	1206	0	9.610815	STANDARD
58	0	2488	0	9.569107	STANDARD
58	0	3150	0	9.566011	STANDARD
58	0	1987	0	9.526998	STANDARD
58	0	1802	0	9.252919	STANDARD
58	0	0050	0	9.2209425	STANDARD
58	0	2212	0	9.208465	STANDARD
58	0	0266	0	9.178618	STANDARD
58	0	2238	0	9.178618	STANDARD
59	0	1456	0	15.806907	STANDARD
59	0	1235	0	13.779137	STANDARD
59	0	3041	0	13.658555	STANDARD
59	0	1703	0	13.547643	STANDARD
59	0	1926	0	13.086502	STANDARD
59	0	0144	0	13.059415	STANDARD
59	0	2437	0	12.74494	STANDARD
59	0	1855	0	12.675761	STANDARD
59	0	1681	0	12.185528	STANDARD
59	0	1112	0	12.126518	STANDARD
59	0	3087	0	11.463079	STANDARD
59	0	2307	0	11.370184	STANDARD
59	0	1665	0	11.139642	STANDARD
59	0	2127	0	10.954713	STANDARD
59	0	2795	0	10.88896	STANDARD
59	0	2111	0	10.825495	STANDARD
59	0	1051	0	10.762056	STANDARD
59	0	2258	0	10.735437	STANDARD
59	0	1700	0	10.7062645	STANDARD
59	0	2203	0	10.57299	STANDARD
59	0	2705	0	10.429214	STANDARD
59	0	2532	0	10.309208	STANDARD
59	0	0661	0	10.253508	STANDARD
59	0	2990	0	9.88881	STANDARD
59	0	2050	0	9.846895	STANDARD
59	0	2688	0	9.666919	STANDARD
59	0	0137	0	9.458168	STANDARD
59	0	2753	0	9.280931	STANDARD
59	0	0653	0	9.259666	STANDARD
59	0	2715	0	9.199641	STANDARD
59	0	3053	0	9.155328	STANDARD
59	0	3126	0	8.93734	STANDARD
59	0	2268	0	8.88314	STANDARD
59	0	2552	0	8.86294	STANDARD
59	0	1939	0	8.793179	STANDARD
59	0	2412	0	8.765385	STANDARD
59	0	1625	0	8.752186	STANDARD
59	0	1619	0	8.74443	STANDARD
59	0	2905	0	8.538999	STANDARD
59	0	0944	0	8.4704485	STANDARD
59	0	0329	0	8.338272	STANDARD
59	0	1441	0	8.314989	STANDARD
59	0	1525	0	8.296331	STANDARD
59	0	1359	0	8.252841	STANDARD
59	0	0440	0	8.081374	STANDARD
59	0	2739	0	8.00471	STANDARD
59	0	1675	0	7.984234	STANDARD
59	0	2650	0	7.8726835	STANDARD
59	0	2519	0	7.8237433	STANDARD
59	0	2711	0	7.778824	STANDARD
60	0	2967	0	21.282618	STANDARD
60	0	2593	0	18.96206	STANDARD
60	0	2311	0	17.670042	STANDARD
60	0	3087	0	16.45087	STANDARD
60	0	3026	0	15.138229	STANDARD
60	0	2738	0	15.088053	STANDARD
60	0	1518	0	14.577673	STANDARD
60	0	1532	0	14.05982	STANDARD
60	0	3142	0	13.855055	STANDARD
60	0	3049	0	13.79393	STANDARD
60	0	2151	0	13.613135	STANDARD
60	0	2516	0	13.519776	STANDARD
60	0	2138	0	13.288252	STANDARD
60	0	1750	0	12.866556	STANDARD
60	0	3137	0	12.804956	STANDARD
60	0	1325	0	12.664191	STANDARD
60	0	3025	0	12.520068	STANDARD
60	0	2424	0	12.338408	STANDARD
60	0	2536	0	11.8172	STANDARD
60	0	1774	0	11.751834	STANDARD
60	0	2882	0	11.716928	STANDARD
60	0	3136	0	11.710487	STANDARD
60	0	2718	0	11.581371	STANDARD
60	0	2988	0	11.511814	STANDARD
60	0	1698	0	11.393389	STANDARD
60	0	1366	0	11.384675	STANDARD
60	0	2812	0	11.351851	STANDARD
60	0	1572	0	11.331171	STANDARD
60	0	2625	0	11.270925	STANDARD
60	0	2816	0	11.255436	STANDARD
60	0	0695	0	11.175877	STANDARD
60	0	2198	0	11.129359	STANDARD
60	0	2396	0	11.108757	STANDARD
60	0	2716	0	11.105283	STANDARD
60	0	2859	0	11.054324	STANDARD
60	0	2928	0	10.965081	STANDARD
60	0	1754	0	10.94328	STANDARD
60	0	2817	0	10.871781	STANDARD
60	0	3092	0	10.847466	STANDARD
60	0	2957	0	10.805588	STANDARD
60	0	1844	0	10.805283	STANDARD
60	0	2972	0	10.755581	STANDARD
60	0	2358	0	10.747018	STANDARD
60	0	2715	0	10.600672	STANDARD
60	0	1409	0	10.502468	STANDARD
60	0	1142	0	10.495854	STANDARD
60	0	3202	0	10.392261	STANDARD
60	0	2876	0	10.329191	STANDARD
60	0	2298	0	10.308973	STANDARD
60	0	0698	0	10.243944	STANDARD
61	0	2711	0	21.02997	STANDARD
61	0	2307	0	17.204393	STANDARD
61	0	3134	0	15.159895	STANDARD
61	0	2631	0	15.08514	STANDARD
61	0	0634	0	13.951839	STANDARD
61	0	2451	0	13.900039	STANDARD
61	0	2140	0	13.674904	STANDARD
61	0	0397	0	13.493443	STANDARD
61	0	1287	0	12.88714	STANDARD
61	0	2114	0	12.373331	STANDARD
61	0	0239	0	12.259381	STANDARD
61	0	1236	0	11.695593	STANDARD
61	0	2278	0	11.636854	STANDARD
61	0	1935	0	11.623194	STANDARD
61	0	2437	0	11.3510475	STANDARD
61	0	2777	0	11.175931	STANDARD
61	0	1830	0	11.134758	STANDARD
61	0	2746	0	11.05351	STANDARD
61	0	3129	0	10.515546	STANDARD
61	0	2991	0	10.49834	STANDARD
61	0	2561	0	10.459641	STANDARD
61	0	2160	0	10.443785	STANDARD
61	0	2882	0	10.240025	STANDARD
61	0	2070	0	10.059332	STANDARD
61	0	1927	0	9.800232	STANDARD
61	0	1457	0	9.772586	STANDARD
61	0	2965	0	9.7245865	STANDARD
61	0	3168	0	9.7245865	STANDARD
61	0	2976	0	9.6350765	STANDARD
61	0	3169	0	9.564507	STANDARD
61	0	1976	0	9.555152	STANDARD
61	0	2947	0	9.517672	STANDARD
61	0	2258	0	9.400104	STANDARD
61	0	2990	0	9.394561	STANDARD
61	0	2109	0	9.352745	STANDARD
61	0	2916	0	9.214216	STANDARD
61	0	1194	0	9.065169	STANDARD
61	0	2251	0	8.928113	STANDARD
61	0	2516	0	8.692823	STANDARD
61	0	2107	0	8.634262	STANDARD
61	0	2288	0	8.345366	STANDARD
61	0	2974	0	8.276513	STANDARD
61	0	2883	0	8.241915	STANDARD
61	0	3072	0	8.234299	STANDARD
61	0	2530	0	8.180056	STANDARD
61	0	1808	0	8.158566	STANDARD
61	0	2575	0	8.06357	STANDARD
61	0	2033	0	7.976217	STANDARD
61	0	2862	0	7.511746	STANDARD
61	0	2680	0	7.3087955	STANDARD
62	0	1961	0	12.741261	STANDARD
62	0	2430	0	8.350684	STANDARD
62	0	1368	0	7.6047645	STANDARD
62	0	0320	0	7.3774815	STANDARD
62	0	2932	0	7.111581	STANDARD
62	0	2327	0	6.7091	STANDARD
62	0	1856	0	6.654112	STANDARD
62	0	2720	0	6.5546	STANDARD
62	0	1143	0	6.493029	STANDARD
62	0	2326	0	6.338449	STANDARD
62	0	2702	0	6.0506635	STANDARD
62	0	2227	0	6.015476	STANDARD
62	0	2790	0	5.944656	STANDARD
62	0	2685	0	5.866431	STANDARD
62	0	1266	0	5.5657196	STANDARD
62	0	2975	0	5.491906	STANDARD
62	0	2927	0	5.4367585	STANDARD
62	0	1648	0	5.358963	STANDARD
62	0	2709	0	5.3503637	STANDARD
62	0	1309	0	5.337868	STANDARD
62	0	1806	0	5.267105	STANDARD
62	0	1725	0	5.2542562	STANDARD
62	0	2189	0	5.2339206	STANDARD
62	0	1603	0	5.206977	STANDARD
62	0	1424	0	5.165003	STANDARD
62	0	2333	0	5.1369953	STANDARD
62	0	1566	0	5.0833	STANDARD
62	0	2216	0	5.0833	STANDARD
62	0	2220	0	5.0539722	STANDARD
62	0	3007	0	5.032287	STANDARD
62	0	1925	0	5.0300655	STANDARD
62	0	2401	0	4.977328	STANDARD
62	0	3086	0	4.9330645	STANDARD
62	0	3156	0	4.8369784	STANDARD
62	0	3084	0	4.7424603	STANDARD
62	0	2784	0	4.7283626	STANDARD
62	0	2795	0	4.710844	STANDARD
62	0	2596	0	4.6930447	STANDARD
62	0	2195	0	4.6739044	STANDARD
62	0	2076	0	4.670511	STANDARD
62	0	3045	0	4.595634	STANDARD
62	0	1825	0	4.5729012	STANDARD
62	0	2200	0	4.4984403	STANDARD
62	0	0950	0	4.441587	STANDARD
62	0	1948	0	4.4221253	STANDARD
62	0	2924	0	4.3235393	STANDARD
62	0	2649	0	4.311695	STANDARD
62	0	1888	0	4.3023524	STANDARD
62	0	3055	0	4.252986	STANDARD
62	0	2580	0	4.247793	STANDARD
63	0	2289	0	11.24856	STANDARD
63	0	3075	0	11.095548	STANDARD
63	0	2896	0	10.990493	STANDARD
63	0	2266	0	10.534082	STANDARD
63	0	1795	0	10.030275	STANDARD
63	0	2973	0	9.953665	STANDARD
63	0	2884	0	9.914249	STANDARD
63	0	3061	0	9.86338	STANDARD
63	0	2114	0	8.754896	STANDARD
63	0	2700	0	8.745514	STANDARD
63	0	3073	0	8.591726	STANDARD
63	0	1601	0	8.35372	STANDARD
63	0	2557	0	8.344031	STANDARD
63	0	0950	0	8.33885	STANDARD
63	0	0141	0	8.181898	STANDARD
63	0	0392	0	8.181898	STANDARD
63	0	2895	0	8.162992	STANDARD
63	0	2785	0	8.014555	STANDARD
63	0	3156	0	7.9746995	STANDARD
63	0	2325	0	7.960417	STANDARD
63	0	2337	0	7.8337135	STANDARD
63	0	2679	0	7.7916017	STANDARD
63	0	2767	0	7.75287	STANDARD
63	0	2851	0	7.7156277	STANDARD
63	0	1302	0	7.6888027	STANDARD
63	0	1468	0	7.505066	STANDARD
63	0	2342	0	7.5008717	STANDARD
63	0	1952	0	7.4462442	STANDARD
63	0	3166	0	7.425325	STANDARD
63	0	3086	0	7.402126	STANDARD
63	0	1846	0	7.298032	STANDARD
63	0	2570	0	7.2209277	STANDARD
63	0	2838	0	7.200931	STANDARD
63	0	2898	0	7.184033	STANDARD
63	0	3059	0	7.145609	STANDARD
63	0	2630	0	7.1440387	STANDARD
63	0	2685	0	7.127654	STANDARD
63	0	3039	0	7.0650253	STANDARD
63	0	1660	0	7.012	STANDARD
63	0	2007	0	7.012	STANDARD
63	0	1536	0	6.9854655	STANDARD
63	0	1158	0	6.972285	STANDARD
63	0	1367	0	6.972285	STANDARD
63	0	2182	0	6.8287735	STANDARD
63	0	3131	0	6.774582	STANDARD
63	0	2740	0	6.7667093	STANDARD
63	0	1811	0	6.7565737	STANDARD
63	0	2402	0	6.721428	STANDARD
63	0	2324	0	6.705802	STANDARD
63	0	1262	0	6.6954823	STANDARD
64	0	2651	0	12.273139	STANDARD
64	0	0717	0	7.975915	STANDARD
64	0	1878	0	7.5471582	STANDARD
64	0	0497	0	7.5190134	STANDARD
64	0	2305	0	7.0160236	STANDARD
64	0	0397	0	6.6742544	STANDARD
64	0	2845	0	6.6350956	STANDARD
64	0	3177	0	6.4591365	STANDARD
64	0	2993	0	6.4561443	STANDARD
64	0	1717	0	6.231683	STANDARD
64	0	1853	0	6.1874537	STANDARD
64	0	1051	0	6.1431046	STANDARD
64	0	1588	0	5.9311438	STANDARD
64	0	1307	0	5.8272004	STANDARD
64	0	1046	0	5.5405	STANDARD
64	0	1957	0	5.5233192	STANDARD
64	0	0595	0	5.4101534	STANDARD
64	0	2177	0	5.404952	STANDARD
64	0	3074	0	5.257024	STANDARD
64	0	2051	0	5.209569	STANDARD
64	0	2232	0	5.1679053	STANDARD
64	0	2756	0	5.165971	STANDARD
64	0	1594	0	5.105753	STANDARD
64	0	0944	0	5.0233555	STANDARD
64	0	2666	0	4.9910355	STANDARD
64	0	1614	0	4.984968	STANDARD
64	0	0598	0	4.940347	STANDARD
64	0	2309	0	4.9118094	STANDARD
64	0	2513	0	4.9107018	STANDARD
64	0	1382	0	4.7315054	STANDARD
64	0	0527	0	4.718013	STANDARD
64	0	1264	0	4.7048244	STANDARD
64	0	2723	0	4.6974883	STANDARD
64	0	0284	0	4.68851	STANDARD
64	0	3055	0	4.610346	STANDARD
64	0	1485	0	4.555439	STANDARD
64	0	2712	0	4.5401545	STANDARD
64	0	2060	0	4.496774	STANDARD
64	0	1643	0	4.4240294	STANDARD
64	0	3188	0	4.4192386	STANDARD
64	0	1350	0	4.404357	STANDARD
64	0	1495	0	4.400217	STANDARD
64	0	2354	0	4.3938923	STANDARD
64	0	1373	0	4.392792	STANDARD
64	0	2144	0	4.3891	STANDARD
64	0	0367	0	4.3347373	STANDARD
64	0	1368	0	4.331908	STANDARD
64	0	3046	0	4.3267155	STANDARD
64	0	1231	0	4.3231325	STANDARD
64	0	2622	0	4.319497	STANDARD
