01	0	2319	0	13.502114	STANDARD
01	0	1410	0	11.414799	STANDARD
01	0	1657	0	11.075508	STANDARD
01	0	2629	0	10.405607	STANDARD
01	0	1938	0	9.603713	STANDARD
01	0	2218	0	9.011454	STANDARD
01	0	2151	0	8.922923	STANDARD
01	0	2379	0	8.825896	STANDARD
01	0	2371	0	8.784762	STANDARD
01	0	1749	0	8.784064	STANDARD
01	0	1698	0	8.757091	STANDARD
01	0	1519	0	8.384301	STANDARD
01	0	1168	0	8.350959	STANDARD
01	0	1752	0	8.247675	STANDARD
01	0	1605	0	8.217038	STANDARD
01	0	2357	0	8.156085	STANDARD
01	0	1046	0	8.13637	STANDARD
01	0	2317	0	8.090507	STANDARD
01	0	2378	0	8.004701	STANDARD
01	0	1827	0	7.9903755	STANDARD
02	0	2434	0	5.969908	STANDARD
02	0	3078	0	5.944656	STANDARD
02	0	2863	0	5.645468	STANDARD
02	0	1046	0	5.5405	STANDARD
02	0	0397	0	5.2793126	STANDARD
02	0	0282	0	5.069126	STANDARD
02	0	1014	0	4.876392	STANDARD
02	0	0616	0	4.7486715	STANDARD
02	0	0492	0	4.7344637	STANDARD
02	0	1867	0	4.7344637	STANDARD
02	0	0435	0	4.670511	STANDARD
02	0	1519	0	4.559944	STANDARD
02	0	0597	0	4.3668466	STANDARD
02	0	1397	0	4.3555636	STANDARD
02	0	1623	0	4.3555636	STANDARD
02	0	2534	0	4.275368	STANDARD
02	0	1264	0	4.247254	STANDARD
02	0	0531	0	3.927222	STANDARD
02	0	0749	0	3.864446	STANDARD
02	0	0760	0	3.864446	STANDARD
03	0	1154	0	6.80361	STANDARD
03	0	1988	0	6.6601205	STANDARD
03	0	2666	0	6.2785673	STANDARD
03	0	2061	0	6.193534	STANDARD
03	0	2112	0	6.068771	STANDARD
03	0	0799	0	5.9429593	STANDARD
03	0	0265	0	5.759406	STANDARD
03	0	0252	0	5.467984	STANDARD
03	0	0929	0	5.372884	STANDARD
03	0	2921	0	5.356283	STANDARD
03	0	1496	0	5.3546786	STANDARD
03	0	0062	0	5.318337	STANDARD
03	0	2411	0	5.314657	STANDARD
03	0	1304	0	5.223517	STANDARD
03	0	2579	0	5.12897	STANDARD
03	0	1386	0	5.0887194	STANDARD
03	0	1521	0	5.057442	STANDARD
03	0	0205	0	5.050841	STANDARD
03	0	1565	0	5.0321283	STANDARD
03	0	1387	0	5.014563	STANDARD
04	0	2377	0	19.92066	STANDARD
04	0	3128	0	18.639896	STANDARD
04	0	3043	0	17.527021	STANDARD
04	0	1135	0	16.173567	STANDARD
04	0	3049	0	15.248208	STANDARD
04	0	2939	0	14.703	STANDARD
04	0	2931	0	14.639798	STANDARD
04	0	3141	0	13.315851	STANDARD
04	0	2438	0	12.341614	STANDARD
04	0	0616	0	12.036253	STANDARD
04	0	2314	0	11.928778	STANDARD
04	0	2342	0	11.397661	STANDARD
04	0	2895	0	11.038687	STANDARD
04	0	2851	0	10.892864	STANDARD
04	0	2376	0	10.809626	STANDARD
04	0	2519	0	10.529816	STANDARD
04	0	2439	0	10.470625	STANDARD
04	0	2848	0	10.373194	STANDARD
04	0	2844	0	10.243846	STANDARD
04	0	1506	0	9.623383	STANDARD
05	0	1829	0	15.436592	STANDARD
05	0	2035	0	12.821901	STANDARD
05	0	3050	0	12.500408	STANDARD
05	0	2321	0	12.210243	STANDARD
05	0	2299	0	11.59575	STANDARD
05	0	2629	0	11.594239	STANDARD
05	0	3011	0	11.498553	STANDARD
05	0	3147	0	10.867234	STANDARD
05	0	3102	0	10.439095	STANDARD
05	0	1923	0	10.377298	STANDARD
05	0	1605	0	10.325926	STANDARD
05	0	1188	0	10.115422	STANDARD
05	0	1978	0	9.841483	STANDARD
05	0	2873	0	9.752997	STANDARD
05	0	2786	0	9.577908	STANDARD
05	0	2003	0	9.51895	STANDARD
05	0	2106	0	9.244474	STANDARD
05	0	1699	0	9.223731	STANDARD
05	0	1409	0	9.216999	STANDARD
05	0	1937	0	9.010582	STANDARD
06	0	2826	0	15.054561	STANDARD
06	0	0438	0	11.965558	STANDARD
06	0	2828	0	11.941067	STANDARD
06	0	0695	0	11.89748	STANDARD
06	0	0435	0	11.81044	STANDARD
06	0	0531	0	10.268513	STANDARD
06	0	1014	0	9.752784	STANDARD
06	0	0492	0	9.468927	STANDARD
06	0	1867	0	9.468927	STANDARD
06	0	1543	0	9.148944	STANDARD
06	0	0605	0	8.731173	STANDARD
06	0	1397	0	8.711127	STANDARD
06	0	1623	0	8.711127	STANDARD
06	0	2931	0	8.560456	STANDARD
06	0	2721	0	8.362725	STANDARD
06	0	2230	0	8.284778	STANDARD
06	0	1234	0	7.8416724	STANDARD
06	0	1365	0	7.671251	STANDARD
06	0	0616	0	7.6366224	STANDARD
06	0	1664	0	7.3701324	STANDARD
07	0	3043	0	24.975967	STANDARD
07	0	1623	0	15.432453	STANDARD
07	0	2376	0	15.039433	STANDARD
07	0	3128	0	14.82795	STANDARD
07	0	2949	0	14.620406	STANDARD
07	0	2912	0	13.89753	STANDARD
07	0	3141	0	13.645674	STANDARD
07	0	3148	0	13.338085	STANDARD
07	0	2865	0	12.270048	STANDARD
07	0	2317	0	12.145793	STANDARD
07	0	2740	0	11.680668	STANDARD
07	0	1381	0	10.723459	STANDARD
07	0	2903	0	10.6406	STANDARD
07	0	0616	0	10.524296	STANDARD
07	0	2342	0	10.47965	STANDARD
07	0	2424	0	10.409834	STANDARD
07	0	1397	0	9.942803	STANDARD
07	0	3006	0	9.784224	STANDARD
07	0	0270	0	9.522079	STANDARD
07	0	3021	0	9.411246	STANDARD
08	0	2625	0	13.848006	STANDARD
08	0	2951	0	11.84267	STANDARD
08	0	2541	0	11.284306	STANDARD
08	0	2371	0	9.826487	STANDARD
08	0	3032	0	9.530837	STANDARD
08	0	1752	0	9.147128	STANDARD
08	0	2830	0	9.101697	STANDARD
08	0	0912	0	8.913188	STANDARD
08	0	2500	0	8.871534	STANDARD
08	0	1877	0	8.581096	STANDARD
08	0	1611	0	8.462862	STANDARD
08	0	2776	0	8.293639	STANDARD
08	0	1685	0	8.225521	STANDARD
08	0	2095	0	8.166809	STANDARD
08	0	2522	0	8.156482	STANDARD
08	0	2920	0	7.921342	STANDARD
08	0	2614	0	7.8447056	STANDARD
08	0	1785	0	7.7859993	STANDARD
08	0	1869	0	7.640917	STANDARD
08	0	2482	0	7.496872	STANDARD
09	0	2849	0	12.502705	STANDARD
09	0	2949	0	11.203848	STANDARD
09	0	3068	0	10.980878	STANDARD
09	0	2578	0	10.669809	STANDARD
09	0	1461	0	10.534765	STANDARD
09	0	2372	0	9.46524	STANDARD
09	0	2371	0	9.4516115	STANDARD
09	0	3158	0	9.449364	STANDARD
09	0	3082	0	9.307868	STANDARD
09	0	3174	0	8.980381	STANDARD
09	0	2621	0	8.833176	STANDARD
09	0	1745	0	8.6005335	STANDARD
09	0	2969	0	8.417653	STANDARD
09	0	1750	0	8.369034	STANDARD
09	0	2776	0	8.293639	STANDARD
09	0	1685	0	8.225521	STANDARD
09	0	3137	0	8.110716	STANDARD
09	0	2951	0	8.08587	STANDARD
09	0	2614	0	7.8447056	STANDARD
09	0	3128	0	7.6605115	STANDARD
10	0	2785	0	10.886919	STANDARD
10	0	1795	0	10.030275	STANDARD
10	0	2700	0	8.745514	STANDARD
10	0	0141	0	8.181898	STANDARD
10	0	0392	0	8.181898	STANDARD
10	0	2895	0	8.162992	STANDARD
10	0	2266	0	8.014555	STANDARD
10	0	3073	0	7.9266415	STANDARD
10	0	1466	0	7.912991	STANDARD
10	0	3075	0	7.690362	STANDARD
10	0	1302	0	7.6888027	STANDARD
10	0	0249	0	7.682202	STANDARD
10	0	2514	0	7.3234887	STANDARD
10	0	3059	0	7.145609	STANDARD
10	0	2685	0	7.127654	STANDARD
10	0	1102	0	7.1211	STANDARD
10	0	1138	0	7.1211	STANDARD
10	0	1536	0	6.9854655	STANDARD
10	0	1158	0	6.972285	STANDARD
10	0	1367	0	6.972285	STANDARD
11	0	2699	0	15.363214	STANDARD
11	0	2782	0	10.38549	STANDARD
11	0	2906	0	9.460531	STANDARD
11	0	2717	0	8.705442	STANDARD
11	0	1923	0	8.536317	STANDARD
11	0	2647	0	8.281174	STANDARD
11	0	1872	0	7.9226356	STANDARD
11	0	3148	0	7.264306	STANDARD
11	0	3171	0	6.8350077	STANDARD
11	0	1835	0	6.4685783	STANDARD
11	0	1903	0	6.40683	STANDARD
11	0	2267	0	6.3979783	STANDARD
11	0	3150	0	6.263817	STANDARD
11	0	0724	0	6.2353516	STANDARD
11	0	2923	0	6.227856	STANDARD
11	0	2716	0	6.1706057	STANDARD
11	0	2956	0	5.960704	STANDARD
11	0	1043	0	5.8290634	STANDARD
11	0	2091	0	5.718911	STANDARD
11	0	2527	0	5.707391	STANDARD
12	0	3127	0	8.55428	STANDARD
12	0	1461	0	7.4208527	STANDARD
12	0	2246	0	5.5628858	STANDARD
12	0	3068	0	5.0257373	STANDARD
12	0	1930	0	5.006144	STANDARD
12	0	3196	0	4.756741	STANDARD
12	0	1462	0	4.1514463	STANDARD
12	0	2069	0	4.103133	STANDARD
12	0	2111	0	4.060242	STANDARD
12	0	2867	0	3.9673529	STANDARD
12	0	1247	0	3.8430839	STANDARD
12	0	1728	0	3.840386	STANDARD
12	0	2840	0	3.8308663	STANDARD
12	0	2482	0	3.7286985	STANDARD
12	0	2372	0	3.661541	STANDARD
12	0	2597	0	3.6395059	STANDARD
12	0	1750	0	3.6228862	STANDARD
12	0	2317	0	3.584076	STANDARD
12	0	2621	0	3.5536795	STANDARD
12	0	2080	0	3.524577	STANDARD
13	0	1947	0	8.070292	STANDARD
13	0	1795	0	7.427594	STANDARD
13	0	2495	0	6.7545433	STANDARD
13	0	2748	0	6.502706	STANDARD
13	0	2559	0	6.428734	STANDARD
13	0	2491	0	6.3970094	STANDARD
13	0	1886	0	5.984599	STANDARD
13	0	2944	0	5.9256005	STANDARD
13	0	2897	0	5.8857203	STANDARD
13	0	3080	0	5.571376	STANDARD
13	0	1901	0	5.5453324	STANDARD
13	0	2680	0	5.5062666	STANDARD
13	0	2537	0	5.328353	STANDARD
13	0	3054	0	5.210658	STANDARD
13	0	2904	0	5.0935373	STANDARD
13	0	2253	0	4.7400856	STANDARD
13	0	1195	0	4.689766	STANDARD
13	0	2464	0	4.667077	STANDARD
13	0	3171	0	4.5544176	STANDARD
13	0	2033	0	4.5043926	STANDARD
14	0	3087	0	8.5959	STANDARD
14	0	3112	0	8.344296	STANDARD
14	0	3131	0	8.124989	STANDARD
14	0	2679	0	7.588045	STANDARD
14	0	2674	0	7.5439706	STANDARD
14	0	2964	0	7.434631	STANDARD
14	0	2181	0	7.36061	STANDARD
14	0	2819	0	7.128999	STANDARD
14	0	3164	0	7.1283207	STANDARD
14	0	3058	0	7.004609	STANDARD
14	0	2289	0	6.7736864	STANDARD
14	0	2716	0	6.52531	STANDARD
14	0	3037	0	6.493153	STANDARD
14	0	2890	0	6.32606	STANDARD
14	0	3132	0	6.171196	STANDARD
14	0	3057	0	6.1483526	STANDARD
14	0	1961	0	6.041273	STANDARD
14	0	2174	0	6.010469	STANDARD
14	0	3067	0	5.9477057	STANDARD
14	0	3085	0	5.8660126	STANDARD
15	0	3125	0	14.41889	STANDARD
15	0	2464	0	14.001231	STANDARD
15	0	2944	0	13.5026	STANDARD
15	0	2877	0	12.957735	STANDARD
15	0	2611	0	12.629903	STANDARD
15	0	2701	0	12.627312	STANDARD
15	0	1947	0	12.19221	STANDARD
15	0	1231	0	11.781667	STANDARD
15	0	3069	0	11.520487	STANDARD
15	0	1807	0	11.481631	STANDARD
15	0	2195	0	11.481631	STANDARD
15	0	1795	0	11.126973	STANDARD
15	0	2835	0	11.126973	STANDARD
15	0	3054	0	11.001441	STANDARD
15	0	2964	0	10.938254	STANDARD
15	0	2716	0	10.533381	STANDARD
15	0	2616	0	10.5149145	STANDARD
15	0	1886	0	10.464476	STANDARD
15	0	2929	0	10.276355	STANDARD
15	0	2133	0	10.146816	STANDARD
16	0	3141	0	10.534985	STANDARD
16	0	2080	0	9.633155	STANDARD
16	0	0243	0	9.258854	STANDARD
16	0	1135	0	9.105271	STANDARD
16	0	2378	0	8.598268	STANDARD
16	0	3021	0	8.367032	STANDARD
16	0	2438	0	8.33884	STANDARD
16	0	2217	0	8.214552	STANDARD
16	0	2740	0	7.9356365	STANDARD
16	0	1854	0	7.644762	STANDARD
16	0	1750	0	7.631531	STANDARD
16	0	0409	0	7.4241395	STANDARD
16	0	1461	0	7.4208527	STANDARD
16	0	2629	0	7.3341074	STANDARD
16	0	1846	0	7.3258257	STANDARD
16	0	3157	0	7.1661744	STANDARD
16	0	0858	0	7.14575	STANDARD
16	0	2184	0	6.822253	STANDARD
16	0	2688	0	6.78464	STANDARD
16	0	2376	0	6.7668114	STANDARD
17	0	1223	0	8.72512	STANDARD
17	0	1658	0	8.2071705	STANDARD
17	0	1795	0	7.427594	STANDARD
17	0	2495	0	6.7545433	STANDARD
17	0	1757	0	6.7105947	STANDARD
17	0	2491	0	6.5615697	STANDARD
17	0	1947	0	6.54163	STANDARD
17	0	1134	0	6.403094	STANDARD
17	0	2748	0	6.038076	STANDARD
17	0	2253	0	6.0270996	STANDARD
17	0	2897	0	5.8857203	STANDARD
17	0	3080	0	5.571376	STANDARD
17	0	3054	0	5.210658	STANDARD
17	0	1676	0	5.1928196	STANDARD
17	0	2904	0	5.0935373	STANDARD
17	0	1154	0	4.909524	STANDARD
17	0	2464	0	4.667077	STANDARD
17	0	1564	0	4.467598	STANDARD
17	0	1402	0	4.4469647	STANDARD
17	0	2929	0	4.399671	STANDARD
18	0	2138	0	12.128357	STANDARD
18	0	1988	0	8.906116	STANDARD
18	0	0249	0	8.496254	STANDARD
18	0	3110	0	8.110858	STANDARD
18	0	1852	0	8.0712595	STANDARD
18	0	0670	0	7.739809	STANDARD
18	0	2112	0	7.621764	STANDARD
18	0	2896	0	7.6210604	STANDARD
18	0	2495	0	7.090503	STANDARD
18	0	2175	0	7.0708437	STANDARD
18	0	1795	0	7.0663443	STANDARD
18	0	1811	0	6.7660575	STANDARD
18	0	2685	0	6.762521	STANDARD
18	0	2661	0	6.6281815	STANDARD
18	0	3075	0	6.5886693	STANDARD
18	0	3156	0	6.4849777	STANDARD
18	0	2266	0	6.406159	STANDARD
18	0	2567	0	6.3417807	STANDARD
18	0	1159	0	6.313724	STANDARD
18	0	2714	0	6.2912683	STANDARD
19	0	2973	0	4.9768324	STANDARD
19	0	3075	0	4.6012087	STANDARD
19	0	2266	0	4.2700224	STANDARD
19	0	1601	0	4.17686	STANDARD
19	0	2557	0	4.1720157	STANDARD
19	0	0950	0	4.169425	STANDARD
19	0	0141	0	4.090949	STANDARD
19	0	0392	0	4.090949	STANDARD
19	0	3156	0	3.9873497	STANDARD
19	0	1302	0	3.8444014	STANDARD
19	0	1468	0	3.752533	STANDARD
19	0	1952	0	3.7231221	STANDARD
19	0	2570	0	3.6104639	STANDARD
19	0	2838	0	3.6004655	STANDARD
19	0	2685	0	3.563827	STANDARD
19	0	2289	0	3.5342684	STANDARD
19	0	1660	0	3.506	STANDARD
19	0	2007	0	3.506	STANDARD
19	0	1158	0	3.4861424	STANDARD
19	0	1367	0	3.4861424	STANDARD
20	0	2695	0	12.069502	STANDARD
20	0	2769	0	9.024944	STANDARD
20	0	1563	0	8.970533	STANDARD
20	0	2986	0	8.576447	STANDARD
20	0	2524	0	7.5417027	STANDARD
20	0	2780	0	7.1432266	STANDARD
20	0	2630	0	6.066632	STANDARD
20	0	1457	0	5.8816795	STANDARD
20	0	2199	0	5.849608	STANDARD
20	0	2442	0	5.849608	STANDARD
20	0	2506	0	5.849608	STANDARD
20	0	2490	0	5.4400496	STANDARD
20	0	2167	0	5.4062653	STANDARD
20	0	2232	0	5.388646	STANDARD
20	0	2905	0	5.2722297	STANDARD
20	0	2405	0	5.0422726	STANDARD
20	0	2273	0	5.0369024	STANDARD
20	0	0661	0	4.988564	STANDARD
20	0	2368	0	4.9344816	STANDARD
20	0	1963	0	4.788544	STANDARD
21	0	2337	0	9.348685	STANDARD
21	0	3018	0	8.662031	STANDARD
21	0	2325	0	8.488795	STANDARD
21	0	2702	0	7.946271	STANDARD
21	0	3086	0	7.9376183	STANDARD
21	0	3110	0	7.8428497	STANDARD
21	0	2110	0	7.5766726	STANDARD
21	0	2997	0	7.105214	STANDARD
21	0	2837	0	6.9906754	STANDARD
21	0	2743	0	6.7607865	STANDARD
21	0	2216	0	6.5627823	STANDARD
21	0	2927	0	6.2702127	STANDARD
21	0	2932	0	6.152299	STANDARD
21	0	3184	0	6.0584946	STANDARD
21	0	2706	0	5.983795	STANDARD
21	0	3162	0	5.6922474	STANDARD
21	0	1496	0	5.6257787	STANDARD
21	0	2771	0	5.385881	STANDARD
21	0	2226	0	5.3675675	STANDARD
21	0	1491	0	5.358963	STANDARD
22	0	2678	0	23.136066	STANDARD
22	0	2473	0	21.660734	STANDARD
22	0	2384	0	19.739473	STANDARD
22	0	2751	0	17.465782	STANDARD
22	0	2004	0	16.17149	STANDARD
22	0	2913	0	15.692063	STANDARD
22	0	2441	0	15.108345	STANDARD
22	0	2638	0	15.108345	STANDARD
22	0	2827	0	14.490126	STANDARD
22	0	2564	0	14.445566	STANDARD
22	0	2637	0	14.445566	STANDARD
22	0	2369	0	14.18837	STANDARD
22	0	1915	0	13.92352	STANDARD
22	0	2692	0	12.710917	STANDARD
22	0	2829	0	12.206231	STANDARD
22	0	2828	0	11.016425	STANDARD
22	0	2845	0	9.423739	STANDARD
22	0	1978	0	8.612649	STANDARD
22	0	2924	0	8.592419	STANDARD
22	0	0266	0	7.8395467	STANDARD
23	0	3148	0	7.157559	STANDARD
23	0	3137	0	6.2993813	STANDARD
23	0	2849	0	5.8897047	STANDARD
23	0	1745	0	5.3598013	STANDARD
23	0	2276	0	4.923496	STANDARD
23	0	2406	0	4.8464656	STANDARD
23	0	1873	0	4.7223377	STANDARD
23	0	2578	0	4.493213	STANDARD
23	0	0052	0	4.4199653	STANDARD
23	0	2630	0	4.3772154	STANDARD
23	0	2081	0	4.358797	STANDARD
23	0	3141	0	4.3098693	STANDARD
23	0	0088	0	4.2881513	STANDARD
23	0	3082	0	4.2881513	STANDARD
23	0	0072	0	4.1456146	STANDARD
23	0	3166	0	4.076519	STANDARD
23	0	3043	0	4.0684347	STANDARD
23	0	0627	0	4.050065	STANDARD
23	0	2949	0	4.0298977	STANDARD
23	0	1411	0	3.9921756	STANDARD
24	0	0268	0	6.106782	STANDARD
24	0	0020	0	5.9212933	STANDARD
24	0	1410	0	5.6471696	STANDARD
24	0	1696	0	5.585064	STANDARD
24	0	1194	0	5.062224	STANDARD
24	0	0412	0	4.5357437	STANDARD
24	0	1540	0	4.5062156	STANDARD
24	0	2882	0	4.1741495	STANDARD
24	0	0942	0	4.0950847	STANDARD
24	0	0293	0	4.059206	STANDARD
24	0	1435	0	3.8240478	STANDARD
24	0	2742	0	3.8240478	STANDARD
24	0	0927	0	3.8020074	STANDARD
24	0	3043	0	3.7227523	STANDARD
24	0	3120	0	3.6949148	STANDARD
24	0	1235	0	3.568214	STANDARD
24	0	1892	0	3.568214	STANDARD
24	0	2535	0	3.568214	STANDARD
24	0	2767	0	3.568214	STANDARD
24	0	2844	0	3.5405893	STANDARD
25	0	2318	0	8.80266	STANDARD
25	0	3119	0	6.7748013	STANDARD
25	0	1938	0	6.682167	STANDARD
25	0	2984	0	6.665272	STANDARD
25	0	1653	0	6.568657	STANDARD
25	0	0436	0	6.443223	STANDARD
25	0	3089	0	6.275257	STANDARD
25	0	2812	0	5.742703	STANDARD
25	0	2542	0	5.63411	STANDARD
25	0	2741	0	5.576239	STANDARD
25	0	2268	0	5.5608244	STANDARD
25	0	2319	0	5.5316534	STANDARD
25	0	3136	0	5.463281	STANDARD
25	0	2894	0	5.3876343	STANDARD
25	0	2990	0	5.345016	STANDARD
25	0	3048	0	5.1250544	STANDARD
25	0	2634	0	5.094999	STANDARD
25	0	2882	0	5.0728874	STANDARD
25	0	2852	0	5.0532885	STANDARD
25	0	3070	0	4.9794536	STANDARD
26	0	1461	0	7.4208527	STANDARD
26	0	2626	0	7.290233	STANDARD
26	0	2840	0	6.9142513	STANDARD
26	0	3105	0	6.792532	STANDARD
26	0	2632	0	6.580732	STANDARD
26	0	3128	0	5.8633647	STANDARD
26	0	2939	0	5.7439575	STANDARD
26	0	2817	0	5.7420034	STANDARD
26	0	2541	0	5.714719	STANDARD
26	0	2377	0	5.6850586	STANDARD
26	0	2938	0	5.6592555	STANDARD
26	0	2558	0	5.309	STANDARD
26	0	2314	0	5.2576675	STANDARD
26	0	1677	0	5.1535726	STANDARD
26	0	2866	0	5.1369953	STANDARD
26	0	2844	0	5.121923	STANDARD
26	0	2870	0	5.1216583	STANDARD
26	0	3068	0	5.0257373	STANDARD
26	0	3073	0	5.012615	STANDARD
26	0	2080	0	4.981638	STANDARD
27	0	2069	0	8.96814	STANDARD
27	0	2297	0	8.607862	STANDARD
27	0	1461	0	7.4208527	STANDARD
27	0	1752	0	6.896906	STANDARD
27	0	2319	0	6.7857776	STANDARD
27	0	2406	0	6.682596	STANDARD
27	0	2902	0	6.492937	STANDARD
27	0	2358	0	6.2794056	STANDARD
27	0	2988	0	6.1109705	STANDARD
27	0	3006	0	6.0651727	STANDARD
27	0	2502	0	5.94147	STANDARD
27	0	2372	0	5.9086323	STANDARD
27	0	3000	0	5.9004374	STANDARD
27	0	1751	0	5.8379745	STANDARD
27	0	2740	0	5.6631794	STANDARD
27	0	1753	0	5.639368	STANDARD
27	0	2374	0	5.59197	STANDARD
27	0	1892	0	5.532276	STANDARD
27	0	2867	0	5.3227124	STANDARD
27	0	2577	0	5.3093643	STANDARD
28	0	2949	0	23.659433	STANDARD
28	0	3032	0	23.37357	STANDARD
28	0	2892	0	16.441217	STANDARD
28	0	2849	0	14.409992	STANDARD
28	0	2890	0	13.607739	STANDARD
28	0	1685	0	12.327927	STANDARD
28	0	2614	0	11.218895	STANDARD
28	0	3040	0	11.077161	STANDARD
28	0	3158	0	11.057462	STANDARD
28	0	2371	0	11.0031185	STANDARD
28	0	1846	0	10.946691	STANDARD
28	0	2776	0	10.432064	STANDARD
28	0	1181	0	10.069639	STANDARD
28	0	1695	0	9.756959	STANDARD
28	0	1611	0	9.756491	STANDARD
28	0	0616	0	9.752339	STANDARD
28	0	0828	0	9.704292	STANDARD
28	0	2951	0	9.594159	STANDARD
28	0	1723	0	9.42536	STANDARD
28	0	1261	0	9.3447895	STANDARD
29	0	1840	0	10.88526	STANDARD
29	0	2644	0	10.801472	STANDARD
29	0	1841	0	10.525037	STANDARD
29	0	1537	0	10.3611555	STANDARD
29	0	1538	0	10.3611555	STANDARD
29	0	2462	0	10.3611555	STANDARD
29	0	1539	0	10.206522	STANDARD
29	0	2089	0	9.797432	STANDARD
29	0	2200	0	9.462074	STANDARD
29	0	2927	0	8.91552	STANDARD
29	0	1933	0	8.860368	STANDARD
29	0	1967	0	8.73875	STANDARD
29	0	3131	0	8.666037	STANDARD
29	0	3021	0	8.1066265	STANDARD
29	0	2232	0	7.9172993	STANDARD
29	0	1874	0	7.79435	STANDARD
29	0	1420	0	7.635255	STANDARD
29	0	2524	0	7.602667	STANDARD
29	0	0942	0	7.583164	STANDARD
29	0	2229	0	7.4983063	STANDARD
30	0	2876	0	14.114898	STANDARD
30	0	2341	0	12.7261505	STANDARD
30	0	1926	0	11.891022	STANDARD
30	0	3142	0	11.478817	STANDARD
30	0	0195	0	11.039925	STANDARD
30	0	2871	0	9.688493	STANDARD
30	0	0084	0	9.440271	STANDARD
30	0	2909	0	8.611511	STANDARD
30	0	0718	0	8.392232	STANDARD
30	0	2312	0	8.291229	STANDARD
30	0	2864	0	8.121084	STANDARD
30	0	2987	0	8.097601	STANDARD
30	0	0248	0	7.8528433	STANDARD
30	0	3179	0	7.8528433	STANDARD
30	0	2572	0	7.635885	STANDARD
30	0	1112	0	7.6016026	STANDARD
30	0	1256	0	7.4342785	STANDARD
30	0	3011	0	7.3768926	STANDARD
30	0	1248	0	7.3101573	STANDARD
30	0	2786	0	7.0319614	STANDARD
31	0	1686	0	26.976925	STANDARD
31	0	3047	0	25.646236	STANDARD
31	0	3013	0	23.914215	STANDARD
31	0	2065	0	22.728535	STANDARD
31	0	1144	0	22.204111	STANDARD
31	0	2142	0	22.166107	STANDARD
31	0	2370	0	19.307547	STANDARD
31	0	2283	0	18.706512	STANDARD
31	0	2528	0	16.52032	STANDARD
31	0	2529	0	16.52032	STANDARD
31	0	1891	0	14.518428	STANDARD
31	0	1839	0	14.462529	STANDARD
31	0	1424	0	13.817601	STANDARD
31	0	3015	0	13.796087	STANDARD
31	0	2188	0	13.472651	STANDARD
31	0	1327	0	13.2105875	STANDARD
31	0	2211	0	12.928323	STANDARD
31	0	1929	0	12.689102	STANDARD
31	0	2421	0	12.427578	STANDARD
31	0	1415	0	12.2392645	STANDARD
32	0	3139	0	27.379673	STANDARD
32	0	1839	0	22.649237	STANDARD
32	0	2177	0	20.599287	STANDARD
32	0	2630	0	19.854668	STANDARD
32	0	2289	0	19.239485	STANDARD
32	0	3018	0	19.0432	STANDARD
32	0	3156	0	18.858622	STANDARD
32	0	2408	0	18.762405	STANDARD
32	0	2619	0	17.881823	STANDARD
32	0	2490	0	17.569508	STANDARD
32	0	2172	0	17.452284	STANDARD
32	0	2883	0	16.996176	STANDARD
32	0	3040	0	16.944933	STANDARD
32	0	1481	0	16.844164	STANDARD
32	0	2161	0	16.844164	STANDARD
32	0	2461	0	16.844164	STANDARD
32	0	1961	0	16.7448	STANDARD
32	0	1145	0	16.72826	STANDARD
32	0	2368	0	16.581211	STANDARD
32	0	2934	0	16.572428	STANDARD
33	0	2697	0	24.092316	STANDARD
33	0	1963	0	23.238346	STANDARD
33	0	2335	0	22.209873	STANDARD
33	0	1954	0	20.649448	STANDARD
33	0	2043	0	20.649448	STANDARD
33	0	2281	0	19.667957	STANDARD
33	0	1692	0	19.008738	STANDARD
33	0	1809	0	18.816277	STANDARD
33	0	2284	0	18.016844	STANDARD
33	0	2824	0	18.007055	STANDARD
33	0	2806	0	17.552656	STANDARD
33	0	2554	0	17.411297	STANDARD
33	0	1577	0	17.084084	STANDARD
33	0	1707	0	16.866486	STANDARD
33	0	2047	0	16.664064	STANDARD
33	0	2805	0	16.637522	STANDARD
33	0	3016	0	16.084713	STANDARD
33	0	1662	0	16.066046	STANDARD
33	0	2695	0	15.949394	STANDARD
33	0	2325	0	15.501569	STANDARD
36	0	1265	0	12.119891	STANDARD
36	0	2110	0	11.543475	STANDARD
36	0	2698	0	11.423269	STANDARD
36	0	2030	0	11.269251	STANDARD
36	0	2112	0	11.064598	STANDARD
36	0	2061	0	10.323596	STANDARD
36	0	2084	0	9.922109	STANDARD
36	0	2476	0	9.915166	STANDARD
36	0	1399	0	9.589076	STANDARD
36	0	2754	0	9.382745	STANDARD
36	0	2739	0	9.3754425	STANDARD
36	0	1131	0	9.240839	STANDARD
36	0	1350	0	8.940021	STANDARD
36	0	1787	0	8.870952	STANDARD
36	0	2733	0	8.702017	STANDARD
36	0	2836	0	8.191609	STANDARD
36	0	2340	0	7.973578	STANDARD
36	0	1737	0	7.869067	STANDARD
36	0	1836	0	7.635174	STANDARD
36	0	2179	0	7.603235	STANDARD
37	0	2265	0	30.286747	STANDARD
37	0	2956	0	26.492544	STANDARD
37	0	3105	0	23.83824	STANDARD
37	0	2632	0	23.534233	STANDARD
37	0	2912	0	22.98063	STANDARD
37	0	2376	0	22.54659	STANDARD
37	0	2651	0	21.377863	STANDARD
37	0	2060	0	21.12327	STANDARD
37	0	2558	0	20.965492	STANDARD
37	0	3142	0	20.427216	STANDARD
37	0	2957	0	19.840635	STANDARD
37	0	2341	0	19.50424	STANDARD
37	0	2958	0	18.83272	STANDARD
37	0	0618	0	18.48391	STANDARD
37	0	3103	0	18.259119	STANDARD
37	0	3031	0	18.111637	STANDARD
37	0	2941	0	17.566435	STANDARD
37	0	2560	0	17.324297	STANDARD
37	0	0243	0	16.929577	STANDARD
37	0	2321	0	16.377937	STANDARD
38	0	2082	0	20.15575	STANDARD
38	0	3031	0	18.800838	STANDARD
38	0	3105	0	17.261246	STANDARD
38	0	2867	0	16.783413	STANDARD
38	0	2941	0	16.2822	STANDARD
38	0	3142	0	15.688265	STANDARD
38	0	1698	0	15.673235	STANDARD
38	0	2470	0	14.606798	STANDARD
38	0	2931	0	14.435777	STANDARD
38	0	1861	0	13.656072	STANDARD
38	0	2958	0	13.591567	STANDARD
38	0	1413	0	12.483362	STANDARD
38	0	2582	0	12.385243	STANDARD
38	0	2989	0	12.371225	STANDARD
38	0	2247	0	12.105788	STANDARD
38	0	3103	0	12.085523	STANDARD
38	0	1625	0	12.051412	STANDARD
38	0	2369	0	11.976812	STANDARD
38	0	2705	0	11.553852	STANDARD
38	0	1323	0	11.441212	STANDARD
39	0	2651	0	29.649265	STANDARD
39	0	2940	0	25.312784	STANDARD
39	0	1861	0	20.369877	STANDARD
39	0	3103	0	19.571344	STANDARD
39	0	1614	0	18.693193	STANDARD
39	0	3105	0	18.104404	STANDARD
39	0	1902	0	17.941608	STANDARD
39	0	2958	0	15.962961	STANDARD
39	0	2931	0	15.845014	STANDARD
39	0	2082	0	15.33161	STANDARD
39	0	2470	0	15.308081	STANDARD
39	0	2956	0	15.25277	STANDARD
39	0	2785	0	14.597118	STANDARD
39	0	2957	0	14.233483	STANDARD
39	0	2941	0	13.906904	STANDARD
39	0	1213	0	13.722227	STANDARD
39	0	2254	0	13.480202	STANDARD
39	0	1678	0	13.181046	STANDARD
39	0	2684	0	13.043085	STANDARD
39	0	1602	0	12.982954	STANDARD
40	0	2295	0	24.166063	STANDARD
40	0	2265	0	22.815966	STANDARD
40	0	2956	0	20.682903	STANDARD
40	0	2651	0	20.013638	STANDARD
40	0	1588	0	19.63075	STANDARD
40	0	1098	0	19.501507	STANDARD
40	0	2317	0	18.60822	STANDARD
40	0	3105	0	18.543839	STANDARD
40	0	2148	0	17.87292	STANDARD
40	0	1142	0	17.45498	STANDARD
40	0	2939	0	17.436222	STANDARD
40	0	1485	0	17.423605	STANDARD
40	0	2940	0	17.185158	STANDARD
40	0	1470	0	16.799366	STANDARD
40	0	2941	0	16.639654	STANDARD
40	0	2060	0	16.091263	STANDARD
40	0	1457	0	15.915148	STANDARD
40	0	1466	0	15.825982	STANDARD
40	0	0249	0	15.364404	STANDARD
40	0	2138	0	15.207206	STANDARD
42	0	2641	0	12.617278	STANDARD
42	0	0462	0	9.598629	STANDARD
42	0	0204	0	9.025606	STANDARD
42	0	2019	0	8.227877	STANDARD
42	0	2215	0	8.149429	STANDARD
42	0	1653	0	7.9255614	STANDARD
42	0	2402	0	7.7585106	STANDARD
42	0	2318	0	7.7190404	STANDARD
42	0	2811	0	7.360364	STANDARD
42	0	0633	0	7.17136	STANDARD
42	0	2788	0	7.17136	STANDARD
42	0	2980	0	7.105776	STANDARD
42	0	2910	0	7.0663476	STANDARD
42	0	2370	0	6.971366	STANDARD
42	0	1726	0	6.9003553	STANDARD
42	0	2894	0	6.838423	STANDARD
42	0	2991	0	6.7055054	STANDARD
42	0	2984	0	6.665272	STANDARD
42	0	2231	0	6.5294223	STANDARD
42	0	3089	0	6.519562	STANDARD
43	0	2771	0	19.62315	STANDARD
43	0	2569	0	18.634098	STANDARD
43	0	3107	0	18.21169	STANDARD
43	0	3098	0	17.792656	STANDARD
43	0	2847	0	17.034256	STANDARD
43	0	2341	0	16.945572	STANDARD
43	0	3052	0	16.785732	STANDARD
43	0	3046	0	16.583681	STANDARD
43	0	2754	0	16.42502	STANDARD
43	0	2883	0	15.701088	STANDARD
43	0	2455	0	15.496994	STANDARD
43	0	3125	0	15.449919	STANDARD
43	0	2829	0	14.626398	STANDARD
43	0	1528	0	11.168331	STANDARD
43	0	3149	0	9.6810055	STANDARD
43	0	2232	0	9.429351	STANDARD
43	0	3135	0	9.281517	STANDARD
43	0	2751	0	9.256714	STANDARD
43	0	1553	0	8.694839	STANDARD
43	0	2910	0	8.488587	STANDARD
44	0	2829	0	24.225292	STANDARD
44	0	2523	0	22.606676	STANDARD
44	0	2325	0	10.163265	STANDARD
44	0	0525	0	7.7131734	STANDARD
44	0	2825	0	7.5273237	STANDARD
44	0	1002	0	7.503272	STANDARD
44	0	2478	0	7.4415574	STANDARD
44	0	1679	0	7.1547637	STANDARD
44	0	2751	0	6.9248705	STANDARD
44	0	0461	0	6.85032	STANDARD
44	0	1732	0	6.7561445	STANDARD
44	0	1823	0	6.7561445	STANDARD
44	0	0931	0	6.6193805	STANDARD
44	0	1653	0	6.0754447	STANDARD
44	0	1404	0	6.0718226	STANDARD
44	0	1801	0	6.048178	STANDARD
44	0	1104	0	5.9790397	STANDARD
44	0	1141	0	5.9790397	STANDARD
44	0	0533	0	5.8923483	STANDARD
44	0	2125	0	5.8420825	STANDARD
45	0	2452	0	14.206347	STANDARD
45	0	2765	0	13.932521	STANDARD
45	0	2816	0	11.654961	STANDARD
45	0	1976	0	11.460066	STANDARD
45	0	2318	0	10.556942	STANDARD
45	0	2969	0	10.285288	STANDARD
45	0	2926	0	10.129785	STANDARD
45	0	2957	0	9.8104	STANDARD
45	0	2860	0	8.891334	STANDARD
45	0	2984	0	8.758987	STANDARD
45	0	2978	0	8.677974	STANDARD
45	0	2114	0	8.513187	STANDARD
45	0	1267	0	8.363394	STANDARD
45	0	2979	0	8.299076	STANDARD
45	0	3012	0	8.158006	STANDARD
45	0	1412	0	8.092348	STANDARD
45	0	3137	0	7.9489975	STANDARD
45	0	1271	0	7.8858585	STANDARD
45	0	1194	0	7.856593	STANDARD
45	0	3181	0	7.8487754	STANDARD
48	0	2325	0	16.301579	STANDARD
48	0	2142	0	14.517466	STANDARD
48	0	2968	0	14.044764	STANDARD
48	0	1651	0	14.019984	STANDARD
48	0	2310	0	13.060476	STANDARD
48	0	2850	0	12.510527	STANDARD
48	0	1722	0	11.896001	STANDARD
48	0	1612	0	11.685714	STANDARD
48	0	1066	0	10.687454	STANDARD
48	0	2324	0	10.645375	STANDARD
48	0	2766	0	10.62013	STANDARD
48	0	0265	0	10.49327	STANDARD
48	0	3124	0	10.052825	STANDARD
48	0	3037	0	9.938202	STANDARD
48	0	1463	0	9.809774	STANDARD
48	0	2932	0	9.776891	STANDARD
48	0	2904	0	9.774323	STANDARD
48	0	2699	0	9.720215	STANDARD
48	0	2646	0	9.640996	STANDARD
48	0	2273	0	9.48071	STANDARD
49	0	0651	0	11.682618	STANDARD
49	0	2390	0	10.783824	STANDARD
49	0	3012	0	9.943177	STANDARD
49	0	0239	0	9.400263	STANDARD
49	0	3134	0	8.718123	STANDARD
49	0	1514	0	8.558753	STANDARD
49	0	2795	0	8.295918	STANDARD
49	0	2307	0	8.2416315	STANDARD
49	0	2163	0	7.9494486	STANDARD
49	0	2990	0	7.871695	STANDARD
49	0	1541	0	7.7479067	STANDARD
49	0	0652	0	7.7133493	STANDARD
49	0	1032	0	7.2815456	STANDARD
49	0	2345	0	7.1211295	STANDARD
49	0	1699	0	7.119008	STANDARD
49	0	2882	0	7.1154776	STANDARD
49	0	2407	0	7.007386	STANDARD
49	0	1959	0	6.920354	STANDARD
49	0	0634	0	6.805046	STANDARD
49	0	2583	0	6.724373	STANDARD
57	0	3077	0	42.905415	STANDARD
57	0	3140	0	29.193218	STANDARD
57	0	1905	0	13.387829	STANDARD
57	0	1106	0	12.348446	STANDARD
57	0	2705	0	11.095229	STANDARD
57	0	1705	0	11.002965	STANDARD
57	0	3008	0	10.871509	STANDARD
57	0	1137	0	9.983706	STANDARD
57	0	0196	0	9.893211	STANDARD
57	0	2850	0	9.355404	STANDARD
57	0	2922	0	9.274625	STANDARD
57	0	2700	0	8.985902	STANDARD
57	0	0437	0	8.904889	STANDARD
57	0	2802	0	8.748484	STANDARD
57	0	0632	0	8.697594	STANDARD
57	0	0209	0	8.650953	STANDARD
57	0	1132	0	8.650953	STANDARD
57	0	0001	0	8.42835	STANDARD
57	0	0176	0	8.42835	STANDARD
57	0	3138	0	8.412453	STANDARD
58	0	2634	0	19.219793	STANDARD
58	0	1816	0	18.853441	STANDARD
58	0	1344	0	18.1476	STANDARD
58	0	1474	0	17.763887	STANDARD
58	0	1709	0	15.808093	STANDARD
58	0	1779	0	13.918878	STANDARD
58	0	2395	0	13.706283	STANDARD
58	0	2098	0	13.422925	STANDARD
58	0	3138	0	13.3299055	STANDARD
58	0	1944	0	13.190228	STANDARD
58	0	1698	0	13.0633335	STANDARD
58	0	1578	0	12.913734	STANDARD
58	0	1946	0	12.7513275	STANDARD
58	0	1171	0	12.514163	STANDARD
58	0	1637	0	12.414109	STANDARD
58	0	0840	0	12.246341	STANDARD
58	0	1420	0	12.144274	STANDARD
58	0	1695	0	12.125961	STANDARD
58	0	3166	0	12.10486	STANDARD
58	0	1398	0	11.95116	STANDARD
59	0	1456	0	15.806907	STANDARD
59	0	1235	0	13.779137	STANDARD
59	0	3041	0	13.658555	STANDARD
59	0	1703	0	13.547643	STANDARD
59	0	1926	0	13.086502	STANDARD
59	0	0144	0	13.059415	STANDARD
59	0	2437	0	12.74494	STANDARD
59	0	1855	0	12.675761	STANDARD
59	0	1681	0	12.185528	STANDARD
59	0	1112	0	12.126518	STANDARD
59	0	3087	0	11.463079	STANDARD
59	0	2307	0	11.370184	STANDARD
59	0	1665	0	11.139642	STANDARD
59	0	2127	0	10.954713	STANDARD
59	0	2795	0	10.88896	STANDARD
59	0	2111	0	10.825495	STANDARD
59	0	1051	0	10.762056	STANDARD
59	0	2258	0	10.735437	STANDARD
59	0	1700	0	10.7062645	STANDARD
59	0	2203	0	10.57299	STANDARD
60	0	2967	0	21.282618	STANDARD
60	0	2593	0	18.96206	STANDARD
60	0	2311	0	17.670042	STANDARD
60	0	3087	0	16.45087	STANDARD
60	0	3026	0	15.138229	STANDARD
60	0	2738	0	15.088053	STANDARD
60	0	1518	0	14.577673	STANDARD
60	0	1532	0	14.05982	STANDARD
60	0	3142	0	13.855055	STANDARD
60	0	3049	0	13.79393	STANDARD
60	0	2151	0	13.613135	STANDARD
60	0	2516	0	13.519776	STANDARD
60	0	2138	0	13.288252	STANDARD
60	0	1750	0	12.866556	STANDARD
60	0	3137	0	12.804956	STANDARD
60	0	1325	0	12.664191	STANDARD
60	0	3025	0	12.520068	STANDARD
60	0	2424	0	12.338408	STANDARD
60	0	2536	0	11.8172	STANDARD
60	0	1774	0	11.751834	STANDARD
61	0	2711	0	21.02997	STANDARD
61	0	2307	0	17.204393	STANDARD
61	0	3134	0	15.159895	STANDARD
61	0	2631	0	15.08514	STANDARD
61	0	0634	0	13.951839	STANDARD
61	0	2451	0	13.900039	STANDARD
61	0	2140	0	13.674904	STANDARD
61	0	0397	0	13.493443	STANDARD
61	0	1287	0	12.88714	STANDARD
61	0	2114	0	12.373331	STANDARD
61	0	0239	0	12.259381	STANDARD
61	0	1236	0	11.695593	STANDARD
61	0	2278	0	11.636854	STANDARD
61	0	1935	0	11.623194	STANDARD
61	0	2437	0	11.3510475	STANDARD
61	0	2777	0	11.175931	STANDARD
61	0	1830	0	11.134758	STANDARD
61	0	2746	0	11.05351	STANDARD
61	0	3129	0	10.515546	STANDARD
61	0	2991	0	10.49834	STANDARD
62	0	1961	0	12.741261	STANDARD
62	0	2430	0	8.350684	STANDARD
62	0	1368	0	7.6047645	STANDARD
62	0	0320	0	7.3774815	STANDARD
62	0	2932	0	7.111581	STANDARD
62	0	2327	0	6.7091	STANDARD
62	0	1856	0	6.654112	STANDARD
62	0	2720	0	6.5546	STANDARD
62	0	1143	0	6.493029	STANDARD
62	0	2326	0	6.338449	STANDARD
62	0	2702	0	6.0506635	STANDARD
62	0	2227	0	6.015476	STANDARD
62	0	2790	0	5.944656	STANDARD
62	0	2685	0	5.866431	STANDARD
62	0	1266	0	5.5657196	STANDARD
62	0	2975	0	5.491906	STANDARD
62	0	2927	0	5.4367585	STANDARD
62	0	1648	0	5.358963	STANDARD
62	0	2709	0	5.3503637	STANDARD
62	0	1309	0	5.337868	STANDARD
63	0	2289	0	11.24856	STANDARD
63	0	3075	0	11.095548	STANDARD
63	0	2896	0	10.990493	STANDARD
63	0	2266	0	10.534082	STANDARD
63	0	1795	0	10.030275	STANDARD
63	0	2973	0	9.953665	STANDARD
63	0	2884	0	9.914249	STANDARD
63	0	3061	0	9.86338	STANDARD
63	0	2114	0	8.754896	STANDARD
63	0	2700	0	8.745514	STANDARD
63	0	3073	0	8.591726	STANDARD
63	0	1601	0	8.35372	STANDARD
63	0	2557	0	8.344031	STANDARD
63	0	0950	0	8.33885	STANDARD
63	0	0141	0	8.181898	STANDARD
63	0	0392	0	8.181898	STANDARD
63	0	2895	0	8.162992	STANDARD
63	0	2785	0	8.014555	STANDARD
63	0	3156	0	7.9746995	STANDARD
63	0	2325	0	7.960417	STANDARD
64	0	2651	0	12.273139	STANDARD
64	0	0717	0	7.975915	STANDARD
64	0	1878	0	7.5471582	STANDARD
64	0	0497	0	7.5190134	STANDARD
64	0	2305	0	7.0160236	STANDARD
64	0	0397	0	6.6742544	STANDARD
64	0	2845	0	6.6350956	STANDARD
64	0	3177	0	6.4591365	STANDARD
64	0	2993	0	6.4561443	STANDARD
64	0	1717	0	6.231683	STANDARD
64	0	1853	0	6.1874537	STANDARD
64	0	1051	0	6.1431046	STANDARD
64	0	1588	0	5.9311438	STANDARD
64	0	1307	0	5.8272004	STANDARD
64	0	1046	0	5.5405	STANDARD
64	0	1957	0	5.5233192	STANDARD
64	0	0595	0	5.4101534	STANDARD
64	0	2177	0	5.404952	STANDARD
64	0	3074	0	5.257024	STANDARD
64	0	2051	0	5.209569	STANDARD
