01	0	2629	0	18.606329	STANDARD
01	0	1657	0	18.58821	STANDARD
01	0	2319	0	18.232563	STANDARD
01	0	1938	0	17.341503	STANDARD
01	0	2218	0	17.159922	STANDARD
01	0	1410	0	16.642004	STANDARD
01	0	2151	0	16.260708	STANDARD
01	0	2219	0	15.938478	STANDARD
01	0	1752	0	15.916929	STANDARD
01	0	1519	0	15.5805	STANDARD
01	0	2357	0	15.500686	STANDARD
01	0	2379	0	15.406608	STANDARD
01	0	1827	0	15.386589	STANDARD
01	0	1844	0	15.349287	STANDARD
01	0	1749	0	15.276021	STANDARD
01	0	2378	0	15.198546	STANDARD
01	0	2371	0	15.155409	STANDARD
01	0	1605	0	15.059282	STANDARD
01	0	1698	0	15.017919	STANDARD
01	0	2920	0	14.647032	STANDARD
01	0	1161	0	14.530983	STANDARD
01	0	3127	0	14.307545	STANDARD
01	0	3174	0	14.25845	STANDARD
01	0	2424	0	14.216286	STANDARD
01	0	1071	0	14.011064	STANDARD
01	0	2535	0	13.901569	STANDARD
01	0	2380	0	13.842441	STANDARD
01	0	0971	0	13.588034	STANDARD
01	0	2344	0	13.542778	STANDARD
01	0	3048	0	13.526753	STANDARD
02	0	2434	0	6.685174	STANDARD
02	0	1519	0	6.521348	STANDARD
02	0	0282	0	6.09443	STANDARD
02	0	2534	0	5.8355865	STANDARD
02	0	3078	0	5.7704268	STANDARD
02	0	2863	0	5.702608	STANDARD
02	0	1014	0	5.541945	STANDARD
02	0	0597	0	5.523296	STANDARD
02	0	1183	0	5.4409	STANDARD
02	0	1046	0	5.3859634	STANDARD
02	0	1676	0	5.271625	STANDARD
02	0	1334	0	5.258547	STANDARD
02	0	0492	0	5.1846185	STANDARD
02	0	1867	0	5.1846185	STANDARD
02	0	1305	0	5.1297245	STANDARD
02	0	2845	0	5.051399	STANDARD
02	0	0847	0	5.0404644	STANDARD
02	0	0435	0	5.022695	STANDARD
02	0	3199	0	4.966559	STANDARD
02	0	2177	0	4.927967	STANDARD
02	0	2786	0	4.927967	STANDARD
02	0	1542	0	4.7052917	STANDARD
02	0	1264	0	4.6376667	STANDARD
02	0	0397	0	4.616887	STANDARD
02	0	1588	0	4.5708146	STANDARD
02	0	3202	0	4.551287	STANDARD
02	0	2572	0	4.533696	STANDARD
02	0	0749	0	4.5159335	STANDARD
02	0	0760	0	4.5159335	STANDARD
02	0	0242	0	4.4972196	STANDARD
03	0	1988	0	10.542803	STANDARD
03	0	2112	0	9.593215	STANDARD
03	0	2061	0	8.583434	STANDARD
03	0	0265	0	8.010936	STANDARD
03	0	1496	0	7.9542694	STANDARD
03	0	0799	0	7.78907	STANDARD
03	0	2411	0	7.727786	STANDARD
03	0	1304	0	7.6827226	STANDARD
03	0	2666	0	7.6459675	STANDARD
03	0	2579	0	7.479226	STANDARD
03	0	0205	0	7.3455086	STANDARD
03	0	1154	0	7.1763306	STANDARD
03	0	1723	0	7.1058455	STANDARD
03	0	1565	0	7.0851107	STANDARD
03	0	0252	0	7.0361977	STANDARD
03	0	0062	0	7.01964	STANDARD
03	0	2939	0	6.8314	STANDARD
03	0	2921	0	6.8017836	STANDARD
03	0	1521	0	6.7464166	STANDARD
03	0	1386	0	6.6428566	STANDARD
03	0	2886	0	6.5888996	STANDARD
03	0	1787	0	6.4677453	STANDARD
03	0	3115	0	6.464096	STANDARD
03	0	3144	0	6.4448404	STANDARD
03	0	3099	0	6.4286056	STANDARD
03	0	3102	0	6.396279	STANDARD
03	0	0929	0	6.2973046	STANDARD
03	0	0661	0	6.2591686	STANDARD
03	0	1852	0	6.2051296	STANDARD
03	0	0637	0	6.202158	STANDARD
04	0	2377	0	26.016201	STANDARD
04	0	3043	0	25.093014	STANDARD
04	0	3128	0	24.404236	STANDARD
04	0	2939	0	20.787613	STANDARD
04	0	3141	0	19.482952	STANDARD
04	0	3049	0	18.15168	STANDARD
04	0	2342	0	17.260061	STANDARD
04	0	2519	0	16.409538	STANDARD
04	0	2844	0	15.954771	STANDARD
04	0	1135	0	15.878096	STANDARD
04	0	2895	0	15.873002	STANDARD
04	0	2439	0	15.165605	STANDARD
04	0	2848	0	14.755423	STANDARD
04	0	2438	0	14.637708	STANDARD
04	0	2376	0	14.524771	STANDARD
04	0	0483	0	14.407534	STANDARD
04	0	3148	0	14.114872	STANDARD
04	0	2742	0	13.856075	STANDARD
04	0	2371	0	13.729832	STANDARD
04	0	2958	0	13.680701	STANDARD
04	0	3103	0	13.5127735	STANDARD
04	0	2870	0	13.508615	STANDARD
04	0	2851	0	13.4785185	STANDARD
04	0	2931	0	13.438932	STANDARD
04	0	2314	0	13.010536	STANDARD
04	0	0616	0	12.923702	STANDARD
04	0	2684	0	12.576449	STANDARD
04	0	1506	0	12.563298	STANDARD
04	0	2558	0	12.470755	STANDARD
04	0	2767	0	12.405131	STANDARD
05	0	1829	0	20.433624	STANDARD
05	0	2035	0	19.745441	STANDARD
05	0	2321	0	18.339413	STANDARD
05	0	2299	0	17.772928	STANDARD
05	0	2629	0	16.58664	STANDARD
05	0	1188	0	15.991969	STANDARD
05	0	1923	0	15.862468	STANDARD
05	0	3050	0	15.571592	STANDARD
05	0	3147	0	14.802376	STANDARD
05	0	1937	0	14.58607	STANDARD
05	0	1605	0	14.455734	STANDARD
05	0	1698	0	14.346002	STANDARD
05	0	3102	0	14.250315	STANDARD
05	0	2003	0	14.207237	STANDARD
05	0	1742	0	13.925552	STANDARD
05	0	2873	0	13.534356	STANDARD
05	0	2357	0	13.437202	STANDARD
05	0	0251	0	13.09357	STANDARD
05	0	3011	0	12.755476	STANDARD
05	0	1960	0	12.734343	STANDARD
05	0	1571	0	12.421347	STANDARD
05	0	1699	0	12.390962	STANDARD
05	0	2106	0	12.358749	STANDARD
05	0	1978	0	12.297639	STANDARD
05	0	1409	0	12.294666	STANDARD
05	0	2138	0	12.084677	STANDARD
05	0	0892	0	11.969812	STANDARD
05	0	3137	0	11.871608	STANDARD
05	0	2247	0	11.639169	STANDARD
05	0	1392	0	11.559426	STANDARD
06	0	2826	0	22.184092	STANDARD
06	0	0438	0	16.815666	STANDARD
06	0	2828	0	14.406959	STANDARD
06	0	0435	0	13.479493	STANDARD
06	0	1543	0	12.681396	STANDARD
06	0	2230	0	12.58004	STANDARD
06	0	2721	0	12.254587	STANDARD
06	0	1014	0	11.08389	STANDARD
06	0	0695	0	10.612668	STANDARD
06	0	0605	0	10.513772	STANDARD
06	0	0492	0	10.369237	STANDARD
06	0	1867	0	10.369237	STANDARD
06	0	2931	0	10.09614	STANDARD
06	0	2873	0	9.991955	STANDARD
06	0	0531	0	9.957986	STANDARD
06	0	1341	0	9.912146	STANDARD
06	0	0242	0	8.613614	STANDARD
06	0	1397	0	8.460067	STANDARD
06	0	1623	0	8.460067	STANDARD
06	0	3035	0	8.4168	STANDARD
06	0	1234	0	8.30145	STANDARD
06	0	2671	0	8.041396	STANDARD
06	0	1365	0	7.8865743	STANDARD
06	0	0417	0	7.774769	STANDARD
06	0	2753	0	7.492546	STANDARD
06	0	1009	0	7.455993	STANDARD
06	0	0530	0	7.39544	STANDARD
06	0	2078	0	7.381272	STANDARD
06	0	2389	0	7.381272	STANDARD
06	0	0670	0	7.3242683	STANDARD
07	0	3043	0	33.382042	STANDARD
07	0	3141	0	21.896366	STANDARD
07	0	2912	0	21.268608	STANDARD
07	0	3128	0	20.85832	STANDARD
07	0	2376	0	20.171032	STANDARD
07	0	2949	0	19.66045	STANDARD
07	0	3148	0	18.87932	STANDARD
07	0	2865	0	18.837318	STANDARD
07	0	1623	0	18.727085	STANDARD
07	0	2903	0	17.816002	STANDARD
07	0	3006	0	16.49411	STANDARD
07	0	2317	0	15.756294	STANDARD
07	0	2342	0	15.741717	STANDARD
07	0	2890	0	14.500056	STANDARD
07	0	2871	0	14.489203	STANDARD
07	0	2740	0	14.46664	STANDARD
07	0	1854	0	14.39097	STANDARD
07	0	2111	0	14.380539	STANDARD
07	0	3014	0	13.56341	STANDARD
07	0	1381	0	13.521923	STANDARD
07	0	2320	0	13.498044	STANDARD
07	0	2950	0	13.421311	STANDARD
07	0	1551	0	13.204372	STANDARD
07	0	3104	0	13.181437	STANDARD
07	0	1948	0	13.094645	STANDARD
07	0	1397	0	12.807853	STANDARD
07	0	2208	0	12.551313	STANDARD
07	0	2424	0	12.540743	STANDARD
07	0	1553	0	12.3612385	STANDARD
07	0	0270	0	12.324312	STANDARD
08	0	2625	0	22.52776	STANDARD
08	0	2951	0	18.304857	STANDARD
08	0	2541	0	17.850666	STANDARD
08	0	2371	0	16.3965	STANDARD
08	0	2776	0	14.681808	STANDARD
08	0	2500	0	14.626595	STANDARD
08	0	1685	0	14.528475	STANDARD
08	0	1752	0	14.320591	STANDARD
08	0	3032	0	14.249613	STANDARD
08	0	1877	0	13.401181	STANDARD
08	0	1869	0	13.199299	STANDARD
08	0	2830	0	13.183255	STANDARD
08	0	2482	0	13.17683	STANDARD
08	0	1611	0	13.143597	STANDARD
08	0	0912	0	13.007655	STANDARD
08	0	1785	0	12.818704	STANDARD
08	0	2858	0	12.48511	STANDARD
08	0	2499	0	12.427779	STANDARD
08	0	2614	0	12.409367	STANDARD
08	0	2949	0	12.362012	STANDARD
08	0	2194	0	12.058418	STANDARD
08	0	1695	0	11.759171	STANDARD
08	0	2522	0	11.566994	STANDARD
08	0	3083	0	11.532026	STANDARD
08	0	1751	0	11.521229	STANDARD
08	0	1261	0	11.384634	STANDARD
08	0	2197	0	11.337256	STANDARD
08	0	2860	0	11.326641	STANDARD
08	0	0492	0	11.265951	STANDARD
08	0	2920	0	11.1974125	STANDARD
09	0	2849	0	21.013592	STANDARD
09	0	2949	0	19.425587	STANDARD
09	0	3068	0	19.38681	STANDARD
09	0	2578	0	17.56158	STANDARD
09	0	2372	0	17.2358	STANDARD
09	0	3082	0	16.211952	STANDARD
09	0	3158	0	16.12178	STANDARD
09	0	3174	0	15.808748	STANDARD
09	0	2621	0	15.187576	STANDARD
09	0	2371	0	15.076734	STANDARD
09	0	2951	0	15.002136	STANDARD
09	0	2776	0	14.681808	STANDARD
09	0	1685	0	14.528475	STANDARD
09	0	3137	0	14.459135	STANDARD
09	0	2969	0	13.341945	STANDARD
09	0	1928	0	13.297977	STANDARD
09	0	1695	0	12.860203	STANDARD
09	0	1750	0	12.83201	STANDARD
09	0	1745	0	12.727933	STANDARD
09	0	3128	0	12.459049	STANDARD
09	0	2614	0	12.409367	STANDARD
09	0	3141	0	12.2901945	STANDARD
09	0	2870	0	12.128462	STANDARD
09	0	1808	0	11.934912	STANDARD
09	0	1461	0	11.917429	STANDARD
09	0	1747	0	11.82364	STANDARD
09	0	3043	0	11.793198	STANDARD
09	0	3011	0	11.586374	STANDARD
09	0	3076	0	11.4227705	STANDARD
09	0	1261	0	11.384634	STANDARD
10	0	2785	0	18.525734	STANDARD
10	0	2700	0	14.925113	STANDARD
10	0	1795	0	14.845497	STANDARD
10	0	3073	0	13.8125105	STANDARD
10	0	2266	0	13.626148	STANDARD
10	0	2895	0	13.511981	STANDARD
10	0	3075	0	13.093674	STANDARD
10	0	2685	0	12.409045	STANDARD
10	0	3059	0	12.1507635	STANDARD
10	0	1262	0	12.086384	STANDARD
10	0	2514	0	12.069212	STANDARD
10	0	2896	0	11.928665	STANDARD
10	0	1828	0	11.911182	STANDARD
10	0	1158	0	11.792094	STANDARD
10	0	2714	0	11.791293	STANDARD
10	0	2973	0	11.740988	STANDARD
10	0	2851	0	11.572443	STANDARD
10	0	0141	0	11.560924	STANDARD
10	0	0392	0	11.560924	STANDARD
10	0	1747	0	11.390457	STANDARD
10	0	1601	0	11.258388	STANDARD
10	0	1302	0	11.244515	STANDARD
10	0	1536	0	11.002468	STANDARD
10	0	2316	0	10.751113	STANDARD
10	0	0950	0	10.687465	STANDARD
10	0	1367	0	10.660959	STANDARD
10	0	1811	0	10.65943	STANDARD
10	0	2603	0	10.56069	STANDARD
10	0	2182	0	10.524412	STANDARD
10	0	3156	0	10.329206	STANDARD
11	0	2699	0	20.639719	STANDARD
11	0	2906	0	15.190612	STANDARD
11	0	2782	0	14.283645	STANDARD
11	0	1923	0	13.804357	STANDARD
11	0	2717	0	13.447268	STANDARD
11	0	2647	0	12.315203	STANDARD
11	0	3148	0	11.621446	STANDARD
11	0	2923	0	10.499109	STANDARD
11	0	3171	0	10.403567	STANDARD
11	0	1872	0	10.290577	STANDARD
11	0	3150	0	10.031471	STANDARD
11	0	1835	0	10.022777	STANDARD
11	0	2267	0	9.741979	STANDARD
11	0	2527	0	9.37875	STANDARD
11	0	1043	0	9.287148	STANDARD
11	0	2316	0	9.263686	STANDARD
11	0	2956	0	9.203625	STANDARD
11	0	2716	0	8.902334	STANDARD
11	0	0724	0	8.774964	STANDARD
11	0	1903	0	8.771688	STANDARD
11	0	2198	0	8.082126	STANDARD
11	0	3077	0	7.931134	STANDARD
11	0	2246	0	7.921341	STANDARD
11	0	0281	0	7.719882	STANDARD
11	0	2091	0	7.7035613	STANDARD
11	0	3080	0	7.6126785	STANDARD
11	0	2815	0	7.5990458	STANDARD
11	0	2317	0	7.594341	STANDARD
11	0	1627	0	7.5295453	STANDARD
11	0	2320	0	7.443	STANDARD
12	0	3127	0	14.761248	STANDARD
12	0	2246	0	9.427364	STANDARD
12	0	3068	0	8.749258	STANDARD
12	0	1461	0	8.552089	STANDARD
12	0	1930	0	7.7797875	STANDARD
12	0	1462	0	7.5043225	STANDARD
12	0	2111	0	7.125969	STANDARD
12	0	1728	0	7.0711937	STANDARD
12	0	2867	0	7.041281	STANDARD
12	0	1247	0	6.874983	STANDARD
12	0	2840	0	6.8734865	STANDARD
12	0	1750	0	6.752539	STANDARD
12	0	2482	0	6.716358	STANDARD
12	0	2317	0	6.6856375	STANDARD
12	0	2069	0	6.6101055	STANDARD
12	0	2597	0	6.603938	STANDARD
12	0	2372	0	6.5795574	STANDARD
12	0	2319	0	6.4739075	STANDARD
12	0	2740	0	6.4739075	STANDARD
12	0	2379	0	6.4279447	STANDARD
12	0	2080	0	6.4201	STANDARD
12	0	3196	0	6.3550715	STANDARD
12	0	3025	0	6.2489944	STANDARD
12	0	2424	0	6.2182856	STANDARD
12	0	1680	0	6.137003	STANDARD
12	0	2621	0	6.0838757	STANDARD
12	0	1747	0	6.06641	STANDARD
12	0	2320	0	6.021676	STANDARD
12	0	2151	0	5.9174657	STANDARD
12	0	2950	0	5.8996344	STANDARD
13	0	1947	0	12.88216	STANDARD
13	0	1795	0	11.0052	STANDARD
13	0	2495	0	10.48233	STANDARD
13	0	2748	0	10.253604	STANDARD
13	0	2491	0	10.111357	STANDARD
13	0	2897	0	10.032881	STANDARD
13	0	2559	0	9.760424	STANDARD
13	0	3080	0	9.542736	STANDARD
13	0	2680	0	8.925271	STANDARD
13	0	1886	0	8.7165165	STANDARD
13	0	3054	0	8.652	STANDARD
13	0	2537	0	8.606839	STANDARD
13	0	1901	0	8.473016	STANDARD
13	0	2944	0	8.286958	STANDARD
13	0	2904	0	8.204704	STANDARD
13	0	2253	0	7.792665	STANDARD
13	0	3171	0	7.213296	STANDARD
13	0	2929	0	7.1245103	STANDARD
13	0	1195	0	7.092182	STANDARD
13	0	1564	0	7.0359225	STANDARD
13	0	2464	0	6.937228	STANDARD
13	0	2033	0	6.8511333	STANDARD
13	0	3083	0	6.4835424	STANDARD
13	0	1655	0	6.316058	STANDARD
13	0	1651	0	6.1419497	STANDARD
13	0	1223	0	6.121619	STANDARD
13	0	1362	0	6.115037	STANDARD
13	0	2835	0	6.1105957	STANDARD
13	0	1231	0	6.048613	STANDARD
13	0	1807	0	6.0187893	STANDARD
14	0	2679	0	12.734658	STANDARD
14	0	2964	0	11.401098	STANDARD
14	0	3164	0	11.324392	STANDARD
14	0	3131	0	11.308803	STANDARD
14	0	2819	0	10.406975	STANDARD
14	0	3087	0	10.3242655	STANDARD
14	0	2674	0	10.139183	STANDARD
14	0	3058	0	10.11887	STANDARD
14	0	2716	0	10.080672	STANDARD
14	0	3112	0	9.631086	STANDARD
14	0	3075	0	9.517891	STANDARD
14	0	1752	0	9.503722	STANDARD
14	0	2816	0	9.465139	STANDARD
14	0	3037	0	9.310331	STANDARD
14	0	2890	0	9.282211	STANDARD
14	0	3132	0	9.276624	STANDARD
14	0	1961	0	9.226527	STANDARD
14	0	2289	0	9.121757	STANDARD
14	0	1886	0	8.887577	STANDARD
14	0	2900	0	8.794211	STANDARD
14	0	1724	0	8.708654	STANDARD
14	0	3067	0	8.63595	STANDARD
14	0	3057	0	8.59017	STANDARD
14	0	3085	0	8.556535	STANDARD
14	0	2976	0	8.457218	STANDARD
14	0	2863	0	8.441675	STANDARD
14	0	2263	0	8.386062	STANDARD
14	0	3011	0	8.335146	STANDARD
14	0	2174	0	8.297718	STANDARD
14	0	2902	0	8.128212	STANDARD
15	0	2464	0	20.811682	STANDARD
15	0	3125	0	18.853497	STANDARD
15	0	2835	0	18.331785	STANDARD
15	0	1231	0	18.145838	STANDARD
15	0	2944	0	17.820705	STANDARD
15	0	2877	0	17.572737	STANDARD
15	0	1947	0	17.554667	STANDARD
15	0	2611	0	17.0549	STANDARD
15	0	3054	0	16.619516	STANDARD
15	0	2195	0	16.610365	STANDARD
15	0	2616	0	16.577013	STANDARD
15	0	1807	0	16.55784	STANDARD
15	0	2344	0	16.507166	STANDARD
15	0	2929	0	16.381786	STANDARD
15	0	1795	0	15.760832	STANDARD
15	0	2701	0	15.708684	STANDARD
15	0	2964	0	15.564007	STANDARD
15	0	3080	0	15.158488	STANDARD
15	0	2904	0	15.073338	STANDARD
15	0	3069	0	14.933812	STANDARD
15	0	2836	0	14.893212	STANDARD
15	0	2133	0	14.649294	STANDARD
15	0	2897	0	14.41767	STANDARD
15	0	2716	0	14.2348	STANDARD
15	0	1676	0	14.021547	STANDARD
15	0	2495	0	13.836128	STANDARD
15	0	2290	0	13.390165	STANDARD
15	0	1886	0	12.989573	STANDARD
15	0	2411	0	12.972053	STANDARD
15	0	2680	0	12.890659	STANDARD
16	0	3141	0	17.283987	STANDARD
16	0	2080	0	15.028322	STANDARD
16	0	2378	0	14.813008	STANDARD
16	0	2740	0	13.744945	STANDARD
16	0	0243	0	13.179326	STANDARD
16	0	2629	0	13.004705	STANDARD
16	0	1135	0	12.812491	STANDARD
16	0	1750	0	12.666266	STANDARD
16	0	2184	0	12.2413435	STANDARD
16	0	1846	0	11.735762	STANDARD
16	0	0409	0	11.523334	STANDARD
16	0	0858	0	11.291395	STANDARD
16	0	1854	0	11.212867	STANDARD
16	0	2688	0	11.179304	STANDARD
16	0	2320	0	10.927919	STANDARD
16	0	1462	0	10.694103	STANDARD
16	0	2522	0	10.612289	STANDARD
16	0	3021	0	10.328629	STANDARD
16	0	3157	0	10.175565	STANDARD
16	0	1749	0	10.169891	STANDARD
16	0	1226	0	9.968044	STANDARD
16	0	2376	0	9.902367	STANDARD
16	0	1210	0	9.8140545	STANDARD
16	0	2438	0	9.756087	STANDARD
16	0	1753	0	9.696788	STANDARD
16	0	1747	0	9.591252	STANDARD
16	0	2317	0	9.422496	STANDARD
16	0	1961	0	9.226527	STANDARD
16	0	2482	0	9.2066	STANDARD
16	0	2379	0	9.182326	STANDARD
17	0	1223	0	11.694336	STANDARD
17	0	1658	0	11.0079	STANDARD
17	0	1795	0	11.0052	STANDARD
17	0	1947	0	10.822046	STANDARD
17	0	2491	0	10.688999	STANDARD
17	0	1757	0	10.62846	STANDARD
17	0	2495	0	10.48233	STANDARD
17	0	2897	0	10.032881	STANDARD
17	0	2253	0	9.901458	STANDARD
17	0	2748	0	9.689118	STANDARD
17	0	3080	0	9.542736	STANDARD
17	0	1134	0	9.421569	STANDARD
17	0	1676	0	8.73403	STANDARD
17	0	3054	0	8.652	STANDARD
17	0	2904	0	8.204704	STANDARD
17	0	3005	0	7.4567823	STANDARD
17	0	2929	0	7.1245103	STANDARD
17	0	1564	0	7.0359225	STANDARD
17	0	2464	0	6.937228	STANDARD
17	0	3171	0	6.6926217	STANDARD
17	0	1523	0	6.498934	STANDARD
17	0	1886	0	6.3915777	STANDARD
17	0	1655	0	6.316058	STANDARD
17	0	1362	0	6.115037	STANDARD
17	0	2835	0	6.1105957	STANDARD
17	0	1231	0	6.048613	STANDARD
17	0	1807	0	6.0187893	STANDARD
17	0	0048	0	5.9571476	STANDARD
17	0	1756	0	5.9331884	STANDARD
17	0	2138	0	5.8792076	STANDARD
18	0	2138	0	15.034401	STANDARD
18	0	1988	0	14.198185	STANDARD
18	0	1811	0	12.291477	STANDARD
18	0	3110	0	12.036617	STANDARD
18	0	1852	0	11.82551	STANDARD
18	0	0249	0	11.810085	STANDARD
18	0	3075	0	11.495195	STANDARD
18	0	3156	0	11.302528	STANDARD
18	0	2112	0	11.085787	STANDARD
18	0	2896	0	11.083387	STANDARD
18	0	1795	0	10.947249	STANDARD
18	0	2714	0	10.935455	STANDARD
18	0	2495	0	10.629547	STANDARD
18	0	2685	0	10.488216	STANDARD
18	0	2175	0	10.078012	STANDARD
18	0	2661	0	9.475132	STANDARD
18	0	2266	0	9.351683	STANDARD
18	0	2897	0	9.298111	STANDARD
18	0	0950	0	9.138849	STANDARD
18	0	1923	0	8.642121	STANDARD
18	0	1223	0	8.617742	STANDARD
18	0	2706	0	8.613614	STANDARD
18	0	1665	0	8.557139	STANDARD
18	0	0303	0	8.347984	STANDARD
18	0	2921	0	8.303942	STANDARD
18	0	3066	0	8.218957	STANDARD
18	0	0799	0	8.0230055	STANDARD
18	0	1463	0	7.9794664	STANDARD
18	0	2156	0	7.9343743	STANDARD
18	0	3148	0	7.890173	STANDARD
19	0	2973	0	9.092966	STANDARD
19	0	3075	0	8.405575	STANDARD
19	0	2266	0	7.7196693	STANDARD
19	0	1601	0	7.657443	STANDARD
19	0	0950	0	7.556262	STANDARD
19	0	2557	0	7.384508	STANDARD
19	0	3156	0	7.250771	STANDARD
19	0	1468	0	6.8389015	STANDARD
19	0	2838	0	6.469054	STANDARD
19	0	2570	0	6.42542	STANDARD
19	0	2289	0	6.324419	STANDARD
19	0	2685	0	6.2045226	STANDARD
19	0	1262	0	6.043192	STANDARD
19	0	2700	0	6.043192	STANDARD
19	0	2896	0	5.9643326	STANDARD
19	0	1828	0	5.955591	STANDARD
19	0	1158	0	5.896047	STANDARD
19	0	2714	0	5.8956466	STANDARD
19	0	0141	0	5.780462	STANDARD
19	0	0392	0	5.780462	STANDARD
19	0	2433	0	5.7502565	STANDARD
19	0	1302	0	5.6222577	STANDARD
19	0	2785	0	5.438039	STANDARD
19	0	1367	0	5.3304796	STANDARD
19	0	1811	0	5.329715	STANDARD
19	0	1957	0	5.323251	STANDARD
19	0	2182	0	5.262206	STANDARD
19	0	1795	0	5.19566	STANDARD
19	0	2895	0	5.156104	STANDARD
19	0	2342	0	4.971189	STANDARD
20	0	2695	0	15.578904	STANDARD
20	0	1563	0	13.110016	STANDARD
20	0	2769	0	12.99742	STANDARD
20	0	2986	0	12.895128	STANDARD
20	0	2780	0	10.876063	STANDARD
20	0	2630	0	10.561913	STANDARD
20	0	2524	0	9.911169	STANDARD
20	0	2490	0	9.876642	STANDARD
20	0	2199	0	9.169732	STANDARD
20	0	2506	0	9.169732	STANDARD
20	0	2368	0	9.119753	STANDARD
20	0	2289	0	8.735729	STANDARD
20	0	2442	0	8.229123	STANDARD
20	0	2484	0	8.072316	STANDARD
20	0	1457	0	7.6128836	STANDARD
20	0	3152	0	7.5970764	STANDARD
20	0	1787	0	7.3030944	STANDARD
20	0	2405	0	7.226499	STANDARD
20	0	2081	0	7.181797	STANDARD
20	0	2273	0	7.1720514	STANDARD
20	0	0661	0	7.1395116	STANDARD
20	0	3176	0	7.0988784	STANDARD
20	0	2877	0	7.0765343	STANDARD
20	0	1963	0	7.0426607	STANDARD
20	0	2232	0	6.9972744	STANDARD
20	0	2172	0	6.783779	STANDARD
20	0	1504	0	6.735457	STANDARD
20	0	2290	0	6.656119	STANDARD
20	0	2934	0	6.6252365	STANDARD
20	0	3156	0	6.5772204	STANDARD
21	0	2337	0	14.529539	STANDARD
21	0	3086	0	12.822445	STANDARD
21	0	3018	0	12.607299	STANDARD
21	0	2325	0	12.474425	STANDARD
21	0	2702	0	11.60182	STANDARD
21	0	2997	0	10.885212	STANDARD
21	0	3110	0	10.742627	STANDARD
21	0	2837	0	10.594055	STANDARD
21	0	2110	0	10.328656	STANDARD
21	0	2932	0	9.923498	STANDARD
21	0	2927	0	9.77072	STANDARD
21	0	2743	0	9.480168	STANDARD
21	0	2950	0	8.592508	STANDARD
21	0	3184	0	8.369087	STANDARD
21	0	2706	0	8.343409	STANDARD
21	0	2454	0	8.184436	STANDARD
21	0	2226	0	8.173207	STANDARD
21	0	3162	0	7.871478	STANDARD
21	0	3131	0	7.836764	STANDARD
21	0	2936	0	7.809255	STANDARD
21	0	2645	0	7.68004	STANDARD
21	0	1496	0	7.6721525	STANDARD
21	0	2771	0	7.602297	STANDARD
21	0	2828	0	7.2961226	STANDARD
21	0	1658	0	7.210492	STANDARD
21	0	3165	0	7.2023754	STANDARD
21	0	2784	0	7.1933455	STANDARD
21	0	1309	0	7.1592293	STANDARD
21	0	3166	0	7.1512985	STANDARD
21	0	1650	0	7.0944824	STANDARD
22	0	2678	0	34.79176	STANDARD
22	0	2473	0	33.55714	STANDARD
22	0	2384	0	30.503319	STANDARD
22	0	2751	0	29.52203	STANDARD
22	0	2913	0	24.639898	STANDARD
22	0	2004	0	23.642603	STANDARD
22	0	2369	0	22.895313	STANDARD
22	0	2827	0	22.805603	STANDARD
22	0	1915	0	22.182121	STANDARD
22	0	2441	0	21.155998	STANDARD
22	0	2638	0	21.155998	STANDARD
22	0	2564	0	20.5848	STANDARD
22	0	2637	0	20.5848	STANDARD
22	0	2692	0	17.285683	STANDARD
22	0	2829	0	16.93416	STANDARD
22	0	2828	0	15.967022	STANDARD
22	0	2924	0	15.245958	STANDARD
22	0	1978	0	13.546877	STANDARD
22	0	2674	0	12.270676	STANDARD
22	0	2845	0	11.751971	STANDARD
22	0	2687	0	11.658821	STANDARD
22	0	2925	0	10.87818	STANDARD
22	0	0266	0	10.766262	STANDARD
22	0	0087	0	10.336046	STANDARD
22	0	2367	0	9.866444	STANDARD
22	0	1181	0	9.706341	STANDARD
22	0	1742	0	9.704116	STANDARD
22	0	3049	0	9.53868	STANDARD
22	0	2967	0	9.2866	STANDARD
22	0	3149	0	9.205706	STANDARD
23	0	3148	0	12.41963	STANDARD
23	0	3137	0	10.688216	STANDARD
23	0	2849	0	10.2632265	STANDARD
23	0	2276	0	8.18981	STANDARD
23	0	1745	0	8.173647	STANDARD
23	0	1873	0	7.6859694	STANDARD
23	0	3082	0	7.479353	STANDARD
23	0	2578	0	7.404575	STANDARD
23	0	2081	0	7.297083	STANDARD
23	0	2630	0	7.255335	STANDARD
23	0	1411	0	7.193095	STANDARD
23	0	2406	0	7.1474996	STANDARD
23	0	3043	0	7.0694456	STANDARD
23	0	2949	0	7.063575	STANDARD
23	0	3166	0	6.865203	STANDARD
23	0	2832	0	6.803447	STANDARD
23	0	0052	0	6.608563	STANDARD
23	0	3124	0	6.5219707	STANDARD
23	0	3141	0	6.5136833	STANDARD
23	0	0088	0	6.4435053	STANDARD
23	0	2454	0	6.436345	STANDARD
23	0	2834	0	6.260476	STANDARD
23	0	2433	0	6.220339	STANDARD
23	0	3086	0	6.015457	STANDARD
23	0	2766	0	5.943555	STANDARD
23	0	1780	0	5.9255137	STANDARD
23	0	2838	0	5.801858	STANDARD
23	0	3025	0	5.785427	STANDARD
23	0	2890	0	5.758624	STANDARD
23	0	2130	0	5.717779	STANDARD
24	0	1696	0	9.046539	STANDARD
24	0	0020	0	8.387423	STANDARD
24	0	0268	0	8.344909	STANDARD
24	0	1410	0	6.7418566	STANDARD
24	0	3043	0	6.316084	STANDARD
24	0	2342	0	5.8512874	STANDARD
24	0	1540	0	5.7791147	STANDARD
24	0	0412	0	5.74499	STANDARD
24	0	2376	0	5.6702933	STANDARD
24	0	0942	0	5.5132914	STANDARD
24	0	2740	0	5.432707	STANDARD
24	0	3141	0	5.346949	STANDARD
24	0	2882	0	5.3377085	STANDARD
24	0	1749	0	5.161495	STANDARD
24	0	1194	0	5.0860386	STANDARD
24	0	0293	0	5.0683074	STANDARD
24	0	2371	0	5.0435624	STANDARD
24	0	2320	0	4.9062433	STANDARD
24	0	1846	0	4.9001184	STANDARD
24	0	0927	0	4.871035	STANDARD
24	0	3120	0	4.824456	STANDARD
24	0	1748	0	4.7496533	STANDARD
24	0	2378	0	4.7496533	STANDARD
24	0	2672	0	4.720024	STANDARD
24	0	2255	0	4.664544	STANDARD
24	0	2844	0	4.630715	STANDARD
24	0	2504	0	4.6103525	STANDARD
24	0	3128	0	4.6027493	STANDARD
24	0	0618	0	4.4056206	STANDARD
24	0	1753	0	4.376148	STANDARD
25	0	2318	0	14.986874	STANDARD
25	0	1938	0	11.789626	STANDARD
25	0	3119	0	11.239187	STANDARD
25	0	2984	0	11.148294	STANDARD
25	0	1653	0	11.132705	STANDARD
25	0	3089	0	10.733053	STANDARD
25	0	3136	0	10.216389	STANDARD
25	0	2812	0	10.169551	STANDARD
25	0	2542	0	10.164128	STANDARD
25	0	2319	0	10.116237	STANDARD
25	0	2268	0	9.930122	STANDARD
25	0	2990	0	9.561487	STANDARD
25	0	2741	0	9.535467	STANDARD
25	0	2894	0	9.071	STANDARD
25	0	3048	0	9.006296	STANDARD
25	0	2634	0	8.84964	STANDARD
25	0	3070	0	8.690281	STANDARD
25	0	2852	0	8.655628	STANDARD
25	0	2882	0	8.568771	STANDARD
25	0	2988	0	8.433795	STANDARD
25	0	1908	0	8.422398	STANDARD
25	0	2017	0	8.287531	STANDARD
25	0	2951	0	8.19738	STANDARD
25	0	2535	0	8.166206	STANDARD
25	0	2522	0	8.154163	STANDARD
25	0	2298	0	7.8995204	STANDARD
25	0	2151	0	7.830531	STANDARD
25	0	0436	0	7.7355986	STANDARD
25	0	1719	0	7.7293406	STANDARD
25	0	1728	0	7.53233	STANDARD
26	0	2626	0	12.1757965	STANDARD
26	0	2632	0	10.897134	STANDARD
26	0	2840	0	10.810509	STANDARD
26	0	3105	0	10.479028	STANDARD
26	0	2377	0	9.5769005	STANDARD
26	0	2939	0	9.510521	STANDARD
26	0	3128	0	9.210497	STANDARD
26	0	2870	0	8.942814	STANDARD
26	0	2080	0	8.883488	STANDARD
26	0	1750	0	8.785038	STANDARD
26	0	2541	0	8.774898	STANDARD
26	0	3068	0	8.749258	STANDARD
26	0	2372	0	8.612056	STANDARD
26	0	1461	0	8.552089	STANDARD
26	0	2320	0	8.279889	STANDARD
26	0	2314	0	8.065076	STANDARD
26	0	2844	0	7.9773855	STANDARD
26	0	1677	0	7.8736744	STANDARD
26	0	2558	0	7.821726	STANDARD
26	0	1680	0	7.700634	STANDARD
26	0	1747	0	7.692563	STANDARD
26	0	1462	0	7.5043225	STANDARD
26	0	2578	0	7.2124877	STANDARD
26	0	0483	0	7.203767	STANDARD
26	0	2111	0	7.125969	STANDARD
26	0	2036	0	7.0785465	STANDARD
26	0	1728	0	7.0711937	STANDARD
26	0	2867	0	7.041281	STANDARD
26	0	1463	0	7.040047	STANDARD
26	0	1591	0	6.8850117	STANDARD
27	0	2069	0	14.597132	STANDARD
27	0	2297	0	13.916511	STANDARD
27	0	1752	0	12.778582	STANDARD
27	0	2358	0	11.579997	STANDARD
27	0	2988	0	11.375378	STANDARD
27	0	2902	0	11.36042	STANDARD
27	0	2319	0	11.050927	STANDARD
27	0	3006	0	10.855633	STANDARD
27	0	2406	0	10.586424	STANDARD
27	0	1751	0	10.408185	STANDARD
27	0	2372	0	10.229778	STANDARD
27	0	1728	0	10.14095	STANDARD
27	0	2740	0	9.989784	STANDARD
27	0	1892	0	9.908507	STANDARD
27	0	1901	0	9.849365	STANDARD
27	0	1750	0	9.822296	STANDARD
27	0	2867	0	9.809728	STANDARD
27	0	1753	0	9.74618	STANDARD
27	0	2374	0	9.734213	STANDARD
27	0	3000	0	9.7177515	STANDARD
27	0	2669	0	9.136592	STANDARD
27	0	2379	0	9.080118	STANDARD
27	0	3011	0	8.785608	STANDARD
27	0	2479	0	8.778151	STANDARD
27	0	3068	0	8.749258	STANDARD
27	0	2852	0	8.592387	STANDARD
27	0	1461	0	8.552089	STANDARD
27	0	2864	0	8.494297	STANDARD
27	0	2311	0	8.440333	STANDARD
27	0	2798	0	8.38937	STANDARD
28	0	3032	0	41.889107	STANDARD
28	0	2949	0	36.253174	STANDARD
28	0	2849	0	26.03298	STANDARD
28	0	2890	0	25.988846	STANDARD
28	0	2892	0	24.023785	STANDARD
28	0	1685	0	21.740345	STANDARD
28	0	2776	0	19.091879	STANDARD
28	0	3040	0	18.84744	STANDARD
28	0	2371	0	18.649782	STANDARD
28	0	3158	0	18.309345	STANDARD
28	0	2614	0	17.703018	STANDARD
28	0	1695	0	17.683123	STANDARD
28	0	2951	0	17.428751	STANDARD
28	0	2197	0	17.171112	STANDARD
28	0	1261	0	16.829151	STANDARD
28	0	2515	0	16.113005	STANDARD
28	0	1723	0	15.833655	STANDARD
28	0	1611	0	15.579264	STANDARD
28	0	3133	0	15.485369	STANDARD
28	0	0828	0	15.389723	STANDARD
28	0	1928	0	15.05324	STANDARD
28	0	1846	0	14.5891695	STANDARD
28	0	1989	0	13.708086	STANDARD
28	0	2274	0	13.438197	STANDARD
28	0	0367	0	13.090376	STANDARD
28	0	0441	0	13.026482	STANDARD
28	0	3059	0	12.781358	STANDARD
28	0	1181	0	12.762258	STANDARD
28	0	1688	0	12.746169	STANDARD
28	0	1034	0	12.656695	STANDARD
29	0	2644	0	16.448927	STANDARD
29	0	1840	0	15.464272	STANDARD
29	0	1841	0	15.227025	STANDARD
29	0	1539	0	14.996946	STANDARD
29	0	1933	0	14.371973	STANDARD
29	0	2089	0	14.153661	STANDARD
29	0	1537	0	13.582262	STANDARD
29	0	1538	0	13.582262	STANDARD
29	0	2462	0	13.582262	STANDARD
29	0	2200	0	13.283599	STANDARD
29	0	2927	0	12.957491	STANDARD
29	0	3131	0	12.714162	STANDARD
29	0	1967	0	12.3949375	STANDARD
29	0	1420	0	12.301743	STANDARD
29	0	2770	0	11.860727	STANDARD
29	0	2229	0	11.851696	STANDARD
29	0	1874	0	11.136955	STANDARD
29	0	0942	0	11.046824	STANDARD
29	0	2031	0	10.710762	STANDARD
29	0	1725	0	10.626456	STANDARD
29	0	2420	0	10.470844	STANDARD
29	0	2524	0	10.421595	STANDARD
29	0	2232	0	9.91851	STANDARD
29	0	3021	0	9.775051	STANDARD
29	0	2507	0	9.629171	STANDARD
29	0	1924	0	9.565912	STANDARD
29	0	2206	0	9.536651	STANDARD
29	0	0804	0	9.506495	STANDARD
29	0	2605	0	9.505673	STANDARD
29	0	1171	0	9.477316	STANDARD
30	0	2876	0	18.38099	STANDARD
30	0	3142	0	17.409838	STANDARD
30	0	1926	0	17.206327	STANDARD
30	0	0195	0	13.882812	STANDARD
30	0	0084	0	13.501917	STANDARD
30	0	2871	0	12.862324	STANDARD
30	0	2341	0	12.71113	STANDARD
30	0	2909	0	11.828023	STANDARD
30	0	0248	0	11.740178	STANDARD
30	0	3179	0	11.740178	STANDARD
30	0	2572	0	11.549694	STANDARD
30	0	0718	0	11.54327	STANDARD
30	0	2312	0	11.405973	STANDARD
30	0	2864	0	10.6042385	STANDARD
30	0	3011	0	10.451132	STANDARD
30	0	1256	0	10.163991	STANDARD
30	0	2583	0	10.1532135	STANDARD
30	0	1457	0	10.0712595	STANDARD
30	0	2738	0	9.905177	STANDARD
30	0	1248	0	9.878532	STANDARD
30	0	2987	0	9.65669	STANDARD
30	0	1112	0	9.381378	STANDARD
30	0	1196	0	9.327618	STANDARD
30	0	1383	0	9.303506	STANDARD
30	0	2165	0	9.297693	STANDARD
30	0	0633	0	9.224802	STANDARD
30	0	1908	0	9.091279	STANDARD
30	0	3089	0	9.04169	STANDARD
30	0	1739	0	9.022891	STANDARD
30	0	2882	0	8.982737	STANDARD
31	0	3047	0	43.654423	STANDARD
31	0	1686	0	42.672497	STANDARD
31	0	2065	0	35.932392	STANDARD
31	0	3013	0	35.214676	STANDARD
31	0	1144	0	33.39229	STANDARD
31	0	2142	0	32.578068	STANDARD
31	0	2370	0	31.102991	STANDARD
31	0	2283	0	30.470097	STANDARD
31	0	2528	0	25.707079	STANDARD
31	0	2529	0	25.707079	STANDARD
31	0	3015	0	24.043459	STANDARD
31	0	1327	0	23.858295	STANDARD
31	0	1839	0	23.246595	STANDARD
31	0	2125	0	22.024965	STANDARD
31	0	1929	0	21.328194	STANDARD
31	0	2826	0	21.143799	STANDARD
31	0	1424	0	20.993795	STANDARD
31	0	1891	0	20.714853	STANDARD
31	0	0533	0	20.113607	STANDARD
31	0	2211	0	20.11022	STANDARD
31	0	2421	0	19.441444	STANDARD
31	0	1741	0	18.47831	STANDARD
31	0	0078	0	17.206432	STANDARD
31	0	2188	0	17.056667	STANDARD
31	0	1543	0	15.972561	STANDARD
31	0	1388	0	15.789661	STANDARD
31	0	2275	0	15.6742935	STANDARD
31	0	2051	0	15.59996	STANDARD
31	0	1261	0	15.585896	STANDARD
31	0	2231	0	15.262539	STANDARD
32	0	3139	0	43.891525	STANDARD
32	0	1839	0	36.122402	STANDARD
32	0	2630	0	34.626045	STANDARD
32	0	2177	0	33.850224	STANDARD
32	0	2289	0	32.85604	STANDARD
32	0	2490	0	31.905008	STANDARD
32	0	3156	0	31.537731	STANDARD
32	0	2368	0	30.556547	STANDARD
32	0	2883	0	29.78512	STANDARD
32	0	1961	0	29.341228	STANDARD
32	0	2408	0	28.991806	STANDARD
32	0	2484	0	28.950087	STANDARD
32	0	3018	0	28.856615	STANDARD
32	0	2619	0	28.639318	STANDARD
32	0	1563	0	27.588417	STANDARD
32	0	2172	0	27.135117	STANDARD
32	0	1529	0	27.007816	STANDARD
32	0	2290	0	26.624475	STANDARD
32	0	2052	0	26.604382	STANDARD
32	0	2934	0	26.500946	STANDARD
32	0	2752	0	25.89574	STANDARD
32	0	2430	0	25.700098	STANDARD
32	0	2980	0	25.483707	STANDARD
32	0	1905	0	25.353294	STANDARD
32	0	1504	0	25.0632	STANDARD
32	0	1145	0	24.851025	STANDARD
32	0	3040	0	24.760462	STANDARD
32	0	2763	0	24.431938	STANDARD
32	0	1847	0	24.425608	STANDARD
32	0	1481	0	23.930721	STANDARD
33	0	2697	0	34.150517	STANDARD
33	0	2335	0	33.82929	STANDARD
33	0	1963	0	32.021084	STANDARD
33	0	1954	0	30.325111	STANDARD
33	0	2043	0	30.325111	STANDARD
33	0	2281	0	28.246431	STANDARD
33	0	2806	0	28.126078	STANDARD
33	0	1809	0	27.364193	STANDARD
33	0	2805	0	27.251638	STANDARD
33	0	2554	0	26.762228	STANDARD
33	0	2824	0	26.077785	STANDARD
33	0	1707	0	25.580456	STANDARD
33	0	2284	0	25.482853	STANDARD
33	0	1692	0	24.76741	STANDARD
33	0	2325	0	24.722778	STANDARD
33	0	1501	0	24.129597	STANDARD
33	0	1662	0	23.81751	STANDARD
33	0	2807	0	22.88626	STANDARD
33	0	2226	0	22.88473	STANDARD
33	0	2544	0	22.841188	STANDARD
33	0	1577	0	22.792866	STANDARD
33	0	3016	0	22.41988	STANDARD
33	0	1876	0	22.368542	STANDARD
33	0	1998	0	22.210608	STANDARD
33	0	2047	0	21.658825	STANDARD
33	0	1666	0	21.344086	STANDARD
33	0	0070	0	21.13924	STANDARD
33	0	1766	0	20.963593	STANDARD
33	0	2695	0	20.796429	STANDARD
33	0	1802	0	20.788183	STANDARD
36	0	1265	0	20.587732	STANDARD
36	0	2110	0	20.01295	STANDARD
36	0	2030	0	18.926582	STANDARD
36	0	2698	0	18.140558	STANDARD
36	0	2112	0	17.756227	STANDARD
36	0	2061	0	17.441053	STANDARD
36	0	2084	0	15.954569	STANDARD
36	0	2476	0	15.739945	STANDARD
36	0	2739	0	15.679917	STANDARD
36	0	1350	0	15.348483	STANDARD
36	0	1399	0	15.059599	STANDARD
36	0	2754	0	14.921043	STANDARD
36	0	2733	0	14.4899235	STANDARD
36	0	1787	0	14.096749	STANDARD
36	0	2703	0	13.408022	STANDARD
36	0	1131	0	12.651905	STANDARD
36	0	1768	0	12.581611	STANDARD
36	0	2340	0	12.472821	STANDARD
36	0	1012	0	12.3204975	STANDARD
36	0	2836	0	12.205963	STANDARD
36	0	2179	0	11.977265	STANDARD
36	0	2811	0	11.6188965	STANDARD
36	0	1836	0	11.280429	STANDARD
36	0	1737	0	11.208132	STANDARD
36	0	1825	0	11.054405	STANDARD
36	0	1548	0	10.989116	STANDARD
36	0	2603	0	10.419502	STANDARD
36	0	2546	0	10.408906	STANDARD
36	0	1184	0	10.401853	STANDARD
36	0	0949	0	10.316417	STANDARD
37	0	2265	0	42.472675	STANDARD
37	0	2956	0	40.42028	STANDARD
37	0	3105	0	34.971825	STANDARD
37	0	2651	0	34.906128	STANDARD
37	0	2376	0	33.861095	STANDARD
37	0	2632	0	33.727196	STANDARD
37	0	2912	0	33.338478	STANDARD
37	0	2958	0	29.654585	STANDARD
37	0	2060	0	29.513145	STANDARD
37	0	2558	0	28.88478	STANDARD
37	0	3103	0	28.586111	STANDARD
37	0	2941	0	28.586063	STANDARD
37	0	2957	0	28.32392	STANDARD
37	0	3142	0	28.041607	STANDARD
37	0	3031	0	28.02161	STANDARD
37	0	2341	0	27.226149	STANDARD
37	0	0618	0	26.584251	STANDARD
37	0	2560	0	25.465467	STANDARD
37	0	0243	0	23.708155	STANDARD
37	0	2342	0	22.790298	STANDARD
37	0	1828	0	22.423906	STANDARD
37	0	2321	0	21.984627	STANDARD
37	0	2794	0	21.938517	STANDARD
37	0	3128	0	21.27417	STANDARD
37	0	2369	0	20.950031	STANDARD
37	0	2080	0	20.768293	STANDARD
37	0	1736	0	20.528502	STANDARD
37	0	2242	0	20.51211	STANDARD
37	0	2184	0	20.400774	STANDARD
37	0	1181	0	20.307543	STANDARD
38	0	3031	0	30.156542	STANDARD
38	0	3105	0	26.709606	STANDARD
38	0	2867	0	25.209433	STANDARD
38	0	2082	0	23.935816	STANDARD
38	0	2470	0	22.951824	STANDARD
38	0	3142	0	22.902245	STANDARD
38	0	2958	0	22.57447	STANDARD
38	0	2941	0	21.76688	STANDARD
38	0	1698	0	21.596615	STANDARD
38	0	1861	0	20.54058	STANDARD
38	0	3103	0	20.287104	STANDARD
38	0	2931	0	18.958563	STANDARD
38	0	3177	0	17.840355	STANDARD
38	0	2956	0	17.836353	STANDARD
38	0	2369	0	17.749638	STANDARD
38	0	1323	0	17.647635	STANDARD
38	0	2989	0	17.017979	STANDARD
38	0	1625	0	16.475132	STANDARD
38	0	1413	0	16.364021	STANDARD
38	0	2558	0	15.464218	STANDARD
38	0	0595	0	15.301564	STANDARD
38	0	2970	0	15.106751	STANDARD
38	0	2651	0	15.066191	STANDARD
38	0	0718	0	14.998572	STANDARD
38	0	0483	0	14.864348	STANDARD
38	0	2815	0	14.680287	STANDARD
38	0	2247	0	14.598238	STANDARD
38	0	2480	0	14.222506	STANDARD
38	0	2705	0	14.152469	STANDARD
38	0	2579	0	13.888527	STANDARD
39	0	2651	0	43.87814	STANDARD
39	0	2940	0	35.98197	STANDARD
39	0	1861	0	31.920202	STANDARD
39	0	3103	0	30.203142	STANDARD
39	0	3105	0	29.7703	STANDARD
39	0	1614	0	27.38446	STANDARD
39	0	2958	0	26.162483	STANDARD
39	0	1902	0	25.793297	STANDARD
39	0	2956	0	25.727663	STANDARD
39	0	2941	0	23.136852	STANDARD
39	0	2470	0	22.659927	STANDARD
39	0	2957	0	21.568283	STANDARD
39	0	3031	0	19.816643	STANDARD
39	0	1678	0	19.718025	STANDARD
39	0	2254	0	19.523302	STANDARD
39	0	2785	0	19.356514	STANDARD
39	0	1213	0	19.265926	STANDARD
39	0	2406	0	18.79374	STANDARD
39	0	2931	0	18.595745	STANDARD
39	0	2078	0	18.323174	STANDARD
39	0	2684	0	18.08941	STANDARD
39	0	2265	0	17.925014	STANDARD
39	0	2082	0	17.781565	STANDARD
39	0	2705	0	17.663845	STANDARD
39	0	0527	0	17.040379	STANDARD
39	0	2558	0	16.947332	STANDARD
39	0	2341	0	16.901974	STANDARD
39	0	2126	0	16.62271	STANDARD
39	0	1602	0	16.241285	STANDARD
39	0	2138	0	16.215738	STANDARD
40	0	2295	0	36.93625	STANDARD
40	0	1098	0	35.534588	STANDARD
40	0	1588	0	34.93691	STANDARD
40	0	2956	0	34.492584	STANDARD
40	0	2265	0	32.393402	STANDARD
40	0	2651	0	31.576332	STANDARD
40	0	3105	0	31.219612	STANDARD
40	0	2148	0	30.352997	STANDARD
40	0	2939	0	30.330576	STANDARD
40	0	2317	0	29.245222	STANDARD
40	0	1485	0	29.135191	STANDARD
40	0	1457	0	28.378212	STANDARD
40	0	2941	0	28.303284	STANDARD
40	0	2940	0	27.286797	STANDARD
40	0	2406	0	26.09299	STANDARD
40	0	1470	0	25.46091	STANDARD
40	0	2051	0	24.753244	STANDARD
40	0	2060	0	24.49294	STANDARD
40	0	2513	0	24.000837	STANDARD
40	0	2699	0	23.846004	STANDARD
40	0	2316	0	23.567232	STANDARD
40	0	1456	0	23.41171	STANDARD
40	0	1459	0	23.211512	STANDARD
40	0	1051	0	23.189426	STANDARD
40	0	2138	0	22.621717	STANDARD
40	0	1142	0	22.553165	STANDARD
40	0	2254	0	22.28167	STANDARD
40	0	2717	0	22.242197	STANDARD
40	0	1324	0	22.008017	STANDARD
40	0	1678	0	21.977825	STANDARD
42	0	2641	0	19.730297	STANDARD
42	0	0462	0	16.560501	STANDARD
42	0	2215	0	14.42743	STANDARD
42	0	2019	0	13.866077	STANDARD
42	0	2402	0	13.595675	STANDARD
42	0	1653	0	13.207226	STANDARD
42	0	2318	0	12.867081	STANDARD
42	0	0204	0	12.586462	STANDARD
42	0	2811	0	12.454236	STANDARD
42	0	2370	0	12.213515	STANDARD
42	0	2894	0	11.303884	STANDARD
42	0	2232	0	11.252878	STANDARD
42	0	2984	0	11.148294	STANDARD
42	0	2054	0	11.060846	STANDARD
42	0	1726	0	10.979817	STANDARD
42	0	0633	0	10.899595	STANDARD
42	0	2788	0	10.899595	STANDARD
42	0	2910	0	10.768394	STANDARD
42	0	2231	0	10.63772	STANDARD
42	0	2319	0	10.560936	STANDARD
42	0	3089	0	10.558086	STANDARD
42	0	2980	0	10.4524145	STANDARD
42	0	2542	0	10.371981	STANDARD
42	0	2310	0	10.317493	STANDARD
42	0	2991	0	10.01743	STANDARD
42	0	2494	0	9.976721	STANDARD
42	0	2829	0	9.522139	STANDARD
42	0	2437	0	9.480637	STANDARD
42	0	3132	0	9.460007	STANDARD
42	0	3070	0	9.223871	STANDARD
43	0	2569	0	26.680107	STANDARD
43	0	2771	0	23.274729	STANDARD
43	0	3107	0	23.142483	STANDARD
43	0	3098	0	21.275139	STANDARD
43	0	3052	0	20.554419	STANDARD
43	0	2847	0	20.53122	STANDARD
43	0	3046	0	19.32258	STANDARD
43	0	2754	0	19.121237	STANDARD
43	0	2341	0	17.750826	STANDARD
43	0	2455	0	16.937134	STANDARD
43	0	3125	0	16.480808	STANDARD
43	0	3149	0	16.017439	STANDARD
43	0	2883	0	15.369682	STANDARD
43	0	2829	0	15.026759	STANDARD
43	0	1528	0	14.041384	STANDARD
43	0	3135	0	13.93647	STANDARD
43	0	2910	0	13.41731	STANDARD
43	0	1399	0	12.034719	STANDARD
43	0	1553	0	12.024277	STANDARD
43	0	2054	0	11.995053	STANDARD
43	0	2113	0	11.396067	STANDARD
43	0	2703	0	11.087156	STANDARD
43	0	2232	0	10.95326	STANDARD
43	0	1272	0	10.859079	STANDARD
43	0	2751	0	10.811365	STANDARD
43	0	3197	0	10.480651	STANDARD
43	0	2402	0	10.156506	STANDARD
43	0	3100	0	10.033327	STANDARD
43	0	1554	0	9.716287	STANDARD
43	0	0633	0	9.609576	STANDARD
44	0	2829	0	39.87963	STANDARD
44	0	2523	0	27.771418	STANDARD
44	0	2325	0	15.491921	STANDARD
44	0	1002	0	11.561835	STANDARD
44	0	2825	0	11.138994	STANDARD
44	0	1679	0	10.40226	STANDARD
44	0	1809	0	10.173398	STANDARD
44	0	2478	0	10.152	STANDARD
44	0	2494	0	10.115444	STANDARD
44	0	0525	0	9.799913	STANDARD
44	0	1260	0	9.638338	STANDARD
44	0	0461	0	9.408313	STANDARD
44	0	2125	0	9.295902	STANDARD
44	0	0931	0	9.284643	STANDARD
44	0	1404	0	9.2257595	STANDARD
44	0	2310	0	9.030361	STANDARD
44	0	1732	0	9.024285	STANDARD
44	0	1823	0	9.024285	STANDARD
44	0	2771	0	8.9571905	STANDARD
44	0	1801	0	8.895708	STANDARD
44	0	2221	0	8.712053	STANDARD
44	0	1653	0	8.66309	STANDARD
44	0	1014	0	8.542765	STANDARD
44	0	2754	0	8.531155	STANDARD
44	0	2812	0	8.4597225	STANDARD
44	0	1855	0	8.416434	STANDARD
44	0	1802	0	8.405708	STANDARD
44	0	2286	0	8.399469	STANDARD
44	0	1435	0	8.379228	STANDARD
44	0	0974	0	8.37235	STANDARD
45	0	2765	0	21.266893	STANDARD
45	0	2452	0	21.036783	STANDARD
45	0	1976	0	20.232588	STANDARD
45	0	2816	0	19.739166	STANDARD
45	0	2318	0	17.771303	STANDARD
45	0	2926	0	15.804428	STANDARD
45	0	2114	0	15.55221	STANDARD
45	0	2969	0	15.378033	STANDARD
45	0	3137	0	14.182644	STANDARD
45	0	1412	0	13.405631	STANDARD
45	0	2984	0	13.203206	STANDARD
45	0	3012	0	13.026312	STANDARD
45	0	3089	0	12.9500065	STANDARD
45	0	2978	0	12.900172	STANDARD
45	0	1271	0	12.850032	STANDARD
45	0	1194	0	12.822079	STANDARD
45	0	1267	0	12.711617	STANDARD
45	0	3070	0	12.54346	STANDARD
45	0	3128	0	12.524526	STANDARD
45	0	2359	0	12.512886	STANDARD
45	0	1226	0	12.4743395	STANDARD
45	0	2493	0	12.3258915	STANDARD
45	0	1032	0	12.3060055	STANDARD
45	0	3002	0	12.276583	STANDARD
45	0	2437	0	12.076771	STANDARD
45	0	2319	0	12.023217	STANDARD
45	0	2949	0	12.004397	STANDARD
45	0	2957	0	11.975862	STANDARD
45	0	3082	0	11.910727	STANDARD
45	0	2976	0	11.72095	STANDARD
48	0	2325	0	26.692295	STANDARD
48	0	2968	0	21.427607	STANDARD
48	0	2142	0	20.249794	STANDARD
48	0	2310	0	19.421812	STANDARD
48	0	2324	0	18.636856	STANDARD
48	0	1651	0	18.540092	STANDARD
48	0	2646	0	17.715298	STANDARD
48	0	1066	0	17.548325	STANDARD
48	0	2766	0	17.107841	STANDARD
48	0	3124	0	16.236877	STANDARD
48	0	2904	0	16.21412	STANDARD
48	0	1433	0	16.178675	STANDARD
48	0	2273	0	16.133617	STANDARD
48	0	1612	0	16.09214	STANDARD
48	0	3037	0	15.951032	STANDARD
48	0	2932	0	15.913565	STANDARD
48	0	2314	0	15.844321	STANDARD
48	0	1722	0	15.696964	STANDARD
48	0	1658	0	15.68874	STANDARD
48	0	3010	0	15.490706	STANDARD
48	0	2226	0	15.226871	STANDARD
48	0	2592	0	15.108931	STANDARD
48	0	2081	0	15.100047	STANDARD
48	0	1809	0	15.022726	STANDARD
48	0	2699	0	14.85996	STANDARD
48	0	2828	0	14.74812	STANDARD
48	0	2903	0	14.569796	STANDARD
48	0	2953	0	14.498446	STANDARD
48	0	2433	0	14.164203	STANDARD
48	0	2884	0	14.153178	STANDARD
49	0	3134	0	15.917136	STANDARD
49	0	3012	0	15.884336	STANDARD
49	0	1514	0	15.104802	STANDARD
49	0	0651	0	15.002658	STANDARD
49	0	2990	0	14.74538	STANDARD
49	0	2390	0	14.357786	STANDARD
49	0	0239	0	13.834771	STANDARD
49	0	1699	0	13.748217	STANDARD
49	0	1032	0	13.534771	STANDARD
49	0	2882	0	13.309951	STANDARD
49	0	2795	0	12.752919	STANDARD
49	0	1457	0	12.393722	STANDARD
49	0	2163	0	12.293436	STANDARD
49	0	1959	0	12.064117	STANDARD
49	0	3090	0	11.818769	STANDARD
49	0	2307	0	11.766974	STANDARD
49	0	2345	0	11.627739	STANDARD
49	0	2407	0	11.437861	STANDARD
49	0	1541	0	11.437216	STANDARD
49	0	2985	0	11.368638	STANDARD
49	0	2479	0	11.209104	STANDARD
49	0	2288	0	11.170512	STANDARD
49	0	1935	0	11.147638	STANDARD
49	0	1681	0	10.696457	STANDARD
49	0	2583	0	10.56049	STANDARD
49	0	2852	0	10.55059	STANDARD
49	0	0440	0	10.313696	STANDARD
49	0	3177	0	10.1371	STANDARD
49	0	0652	0	9.990038	STANDARD
49	0	2631	0	9.892477	STANDARD
57	0	3077	0	60.00781	STANDARD
57	0	3140	0	32.310917	STANDARD
57	0	2705	0	17.715988	STANDARD
57	0	1705	0	15.506196	STANDARD
57	0	2802	0	14.910245	STANDARD
57	0	1905	0	14.642136	STANDARD
57	0	1106	0	14.092851	STANDARD
57	0	2922	0	13.452278	STANDARD
57	0	0196	0	12.692326	STANDARD
57	0	2850	0	12.313793	STANDARD
57	0	1469	0	12.159688	STANDARD
57	0	2700	0	11.854453	STANDARD
57	0	0632	0	11.850806	STANDARD
57	0	1977	0	11.771519	STANDARD
57	0	1458	0	11.307629	STANDARD
57	0	0134	0	11.223353	STANDARD
57	0	3060	0	11.071232	STANDARD
57	0	1137	0	11.060918	STANDARD
57	0	1183	0	10.901662	STANDARD
57	0	1391	0	10.715211	STANDARD
57	0	2981	0	10.619402	STANDARD
57	0	3008	0	10.610396	STANDARD
57	0	0437	0	10.594053	STANDARD
57	0	0209	0	10.447068	STANDARD
57	0	1132	0	10.447068	STANDARD
57	0	2148	0	10.367443	STANDARD
57	0	0001	0	10.304108	STANDARD
57	0	0176	0	10.304108	STANDARD
57	0	3191	0	10.299894	STANDARD
57	0	0233	0	10.119647	STANDARD
58	0	1816	0	27.482468	STANDARD
58	0	1344	0	27.33866	STANDARD
58	0	2634	0	27.016853	STANDARD
58	0	1474	0	25.767536	STANDARD
58	0	1709	0	25.089561	STANDARD
58	0	1698	0	21.451538	STANDARD
58	0	2395	0	21.002186	STANDARD
58	0	2098	0	20.074078	STANDARD
58	0	1944	0	19.331793	STANDARD
58	0	1779	0	19.292763	STANDARD
58	0	3138	0	18.997385	STANDARD
58	0	2670	0	18.554201	STANDARD
58	0	1637	0	18.169632	STANDARD
58	0	1171	0	17.737925	STANDARD
58	0	1578	0	17.664669	STANDARD
58	0	2604	0	17.627327	STANDARD
58	0	2999	0	17.216156	STANDARD
58	0	2062	0	17.154724	STANDARD
58	0	1631	0	17.142801	STANDARD
58	0	2216	0	16.835726	STANDARD
58	0	1398	0	16.792486	STANDARD
58	0	1691	0	16.783285	STANDARD
58	0	1252	0	16.67945	STANDARD
58	0	3166	0	16.550152	STANDARD
58	0	2825	0	16.479431	STANDARD
58	0	1420	0	16.468172	STANDARD
58	0	2849	0	16.347916	STANDARD
58	0	2993	0	16.269701	STANDARD
58	0	3049	0	15.994548	STANDARD
58	0	0840	0	15.994331	STANDARD
59	0	1456	0	24.471617	STANDARD
59	0	1681	0	21.438192	STANDARD
59	0	2437	0	21.342535	STANDARD
59	0	1855	0	20.286367	STANDARD
59	0	1703	0	19.919195	STANDARD
59	0	3087	0	19.094028	STANDARD
59	0	0144	0	18.829329	STANDARD
59	0	2258	0	18.56675	STANDARD
59	0	1700	0	18.329346	STANDARD
59	0	2127	0	18.27659	STANDARD
59	0	1235	0	17.90862	STANDARD
59	0	3041	0	17.736898	STANDARD
59	0	2203	0	17.494833	STANDARD
59	0	2050	0	17.46463	STANDARD
59	0	2111	0	17.277132	STANDARD
59	0	2795	0	17.024635	STANDARD
59	0	2307	0	16.745104	STANDARD
59	0	1112	0	16.695366	STANDARD
59	0	1051	0	16.439054	STANDARD
59	0	2705	0	16.39785	STANDARD
59	0	1665	0	16.330404	STANDARD
59	0	1926	0	16.244232	STANDARD
59	0	0661	0	15.842259	STANDARD
59	0	2905	0	15.4533615	STANDARD
59	0	2990	0	15.3801155	STANDARD
59	0	2532	0	15.262684	STANDARD
59	0	3126	0	15.111169	STANDARD
59	0	1625	0	14.598836	STANDARD
59	0	2268	0	14.230936	STANDARD
59	0	0653	0	13.929773	STANDARD
60	0	2967	0	34.91985	STANDARD
60	0	2593	0	28.02167	STANDARD
60	0	3087	0	27.758684	STANDARD
60	0	2311	0	27.72896	STANDARD
60	0	1518	0	22.9821	STANDARD
60	0	2738	0	22.935411	STANDARD
60	0	2424	0	22.533443	STANDARD
60	0	3026	0	22.404875	STANDARD
60	0	2151	0	22.355991	STANDARD
60	0	2516	0	22.269924	STANDARD
60	0	2882	0	22.149086	STANDARD
60	0	3025	0	21.836052	STANDARD
60	0	3142	0	21.152435	STANDARD
60	0	2988	0	20.689766	STANDARD
60	0	2817	0	20.52901	STANDARD
60	0	2816	0	20.389645	STANDARD
60	0	3136	0	20.194412	STANDARD
60	0	1750	0	20.111843	STANDARD
60	0	3137	0	19.938038	STANDARD
60	0	2876	0	19.789816	STANDARD
60	0	1844	0	19.400797	STANDARD
60	0	3092	0	19.342714	STANDARD
60	0	2716	0	19.24461	STANDARD
60	0	2718	0	18.986061	STANDARD
60	0	2138	0	18.950335	STANDARD
60	0	2536	0	18.704264	STANDARD
60	0	1754	0	18.643759	STANDARD
60	0	1774	0	18.563065	STANDARD
60	0	2957	0	18.14044	STANDARD
60	0	1572	0	18.10416	STANDARD
61	0	2711	0	28.989326	STANDARD
61	0	3134	0	23.912628	STANDARD
61	0	2307	0	23.395563	STANDARD
61	0	2451	0	21.70577	STANDARD
61	0	2140	0	20.993105	STANDARD
61	0	2114	0	20.737713	STANDARD
61	0	1935	0	20.404778	STANDARD
61	0	2631	0	19.819626	STANDARD
61	0	2437	0	19.106556	STANDARD
61	0	2746	0	18.086967	STANDARD
61	0	0634	0	18.0517	STANDARD
61	0	1236	0	17.743725	STANDARD
61	0	1287	0	17.564188	STANDARD
61	0	1830	0	17.492516	STANDARD
61	0	2278	0	17.445095	STANDARD
61	0	2561	0	17.363024	STANDARD
61	0	0239	0	17.220505	STANDARD
61	0	0397	0	16.81082	STANDARD
61	0	2991	0	16.335978	STANDARD
61	0	2882	0	16.33099	STANDARD
61	0	2160	0	16.035023	STANDARD
61	0	3129	0	15.995567	STANDARD
61	0	2258	0	15.50507	STANDARD
61	0	2109	0	15.43013	STANDARD
61	0	2516	0	15.145868	STANDARD
61	0	2251	0	14.875559	STANDARD
61	0	2965	0	14.8567705	STANDARD
61	0	3168	0	14.8567705	STANDARD
61	0	1976	0	14.738768	STANDARD
61	0	3169	0	14.709385	STANDARD
62	0	1961	0	17.770487	STANDARD
62	0	2430	0	12.0193405	STANDARD
62	0	1368	0	11.639147	STANDARD
62	0	2932	0	10.880643	STANDARD
62	0	2327	0	10.063199	STANDARD
62	0	0320	0	9.857782	STANDARD
62	0	2685	0	9.402569	STANDARD
62	0	2702	0	9.281479	STANDARD
62	0	2326	0	8.846697	STANDARD
62	0	1856	0	8.830968	STANDARD
62	0	2720	0	8.731134	STANDARD
62	0	1143	0	8.626421	STANDARD
62	0	2790	0	8.470354	STANDARD
62	0	2927	0	8.340742	STANDARD
62	0	1424	0	8.229813	STANDARD
62	0	2975	0	8.041396	STANDARD
62	0	3156	0	7.934594	STANDARD
62	0	2401	0	7.7719584	STANDARD
62	0	3086	0	7.697583	STANDARD
62	0	2333	0	7.6796193	STANDARD
62	0	2227	0	7.670339	STANDARD
62	0	0950	0	7.556262	STANDARD
62	0	1725	0	7.3019323	STANDARD
62	0	1266	0	7.29398	STANDARD
62	0	2076	0	7.2929425	STANDARD
62	0	1309	0	7.262744	STANDARD
62	0	2195	0	7.205158	STANDARD
62	0	2220	0	7.140972	STANDARD
62	0	2216	0	7.1379128	STANDARD
62	0	1648	0	7.104961	STANDARD
63	0	3075	0	19.399542	STANDARD
63	0	2266	0	18.18941	STANDARD
63	0	2973	0	18.185932	STANDARD
63	0	2896	0	17.04772	STANDARD
63	0	2289	0	16.550425	STANDARD
63	0	1601	0	15.314886	STANDARD
63	0	0950	0	15.112524	STANDARD
63	0	3061	0	15.096584	STANDARD
63	0	2700	0	14.925113	STANDARD
63	0	1795	0	14.845497	STANDARD
63	0	2557	0	14.769016	STANDARD
63	0	3073	0	14.515159	STANDARD
63	0	3156	0	14.501542	STANDARD
63	0	2884	0	14.450195	STANDARD
63	0	2114	0	14.158503	STANDARD
63	0	1468	0	13.677803	STANDARD
63	0	2785	0	13.626148	STANDARD
63	0	2895	0	13.511981	STANDARD
63	0	2342	0	13.3255005	STANDARD
63	0	2851	0	12.997017	STANDARD
63	0	2838	0	12.938108	STANDARD
63	0	2570	0	12.85084	STANDARD
63	0	2325	0	12.526327	STANDARD
63	0	3166	0	12.457594	STANDARD
63	0	2679	0	12.420008	STANDARD
63	0	2685	0	12.409045	STANDARD
63	0	3059	0	12.1507635	STANDARD
63	0	1262	0	12.086384	STANDARD
63	0	1811	0	12.084003	STANDARD
63	0	1828	0	11.911182	STANDARD
64	0	2651	0	16.514874	STANDARD
64	0	1878	0	12.89553	STANDARD
64	0	0717	0	12.408805	STANDARD
64	0	0497	0	12.120436	STANDARD
64	0	1853	0	10.862684	STANDARD
64	0	1588	0	10.559597	STANDARD
64	0	1051	0	10.242364	STANDARD
64	0	2845	0	10.223318	STANDARD
64	0	3177	0	9.665366	STANDARD
64	0	1957	0	9.6240835	STANDARD
64	0	2051	0	9.202541	STANDARD
64	0	2177	0	8.88603	STANDARD
64	0	3074	0	8.776972	STANDARD
64	0	2723	0	8.480336	STANDARD
64	0	0944	0	8.448181	STANDARD
64	0	2513	0	8.396209	STANDARD
64	0	0595	0	8.384494	STANDARD
64	0	1594	0	8.367086	STANDARD
64	0	1614	0	8.317715	STANDARD
64	0	0527	0	8.201763	STANDARD
64	0	2756	0	8.1621895	STANDARD
64	0	1264	0	8.127999	STANDARD
64	0	2666	0	7.8809094	STANDARD
64	0	2305	0	7.677683	STANDARD
64	0	2772	0	7.6707115	STANDARD
64	0	0367	0	7.603617	STANDARD
64	0	3055	0	7.506194	STANDARD
64	0	1098	0	7.4913597	STANDARD
64	0	2232	0	7.417515	STANDARD
64	0	2766	0	7.3782473	STANDARD
