01 2629  0 0
01 1519  0 0
01 1752  0 0
01 1657  0 0
01 1827  0 0
01 2319  0 0
01 3127  0 0
01 1523  0 0
01 1544  0 0
01 1938  0 0
01 2219  0 0
01 2380  0 0
01 1534  0 0
01 2379  0 0
01 2868  0 0
01 1844  0 0
01 3023  0 0
01 0585  0 0
01 2424  0 0
01 2597  0 0
01 2632  0 0
01 2740  0 0
01 1417  0 0
01 1264  0 0
01 1755  0 0
01 2378  0 0
01 2796  0 0
01 0398  0 0
01 3190  0 0
01 0195  0 0
01 1572  0 0
01 1571  0 0
01 3082  0 0
01 1960  0 0
01 2371  0 0
01 1464  0 0
01 2947  0 0
01 0098  0 0
01 1161  0 0
01 1271  0 0
01 1440  0 0
01 1542  0 0
01 0271  0 0
01 1719  0 0
01 0971  0 0
01 1410  0 0
01 1642  0 0
01 2128  0 0
01 2218  0 0
01 2917  0 0
02 0597  0 0
02 1301  0 0
02 1530  0 0
02 1588  0 0
02 0171  0 0
02 0204  0 0
02 0452  0 0
02 0069  0 0
02 0477  0 0
02 1062  0 0
02 1569  0 0
02 1974  0 0
02 2051  0 0
02 2534  0 0
02 2720  0 0
02 0200  0 0
02 0201  0 0
02 2355  0 0
02 3028  0 0
02 0210  0 0
02 1491  0 0
02 2199  0 0
02 2729  0 0
02 3088  0 0
02 1323  0 0
02 1821  0 0
02 2039  0 0
02 0616  0 0
02 3059  0 0
03 0929  0 0
03 0051  0 0
03 0077  0 0
03 2705  0 0
03 2247  0 0
03 0070  0 0
03 1723  0 0
03 2682  0 0
03 1304  0 0
03 1976  0 0
03 3144  0 0
03 1138  0 0
03 1470  0 0
03 1485  0 0
03 2558  0 0
03 2603  0 0
03 2931  0 0
03 3150  0 0
03 3188  0 0
03 0100  0 0
03 1007  0 0
03 1215  0 0
03 2423  0 0
03 1313  0 0
03 2061  0 0
03 2066  0 0
03 2587  0 0
03 1154  0 0
03 0249  0 0
03 0857  0 0
03 1360  0 0
03 2551  0 0
03 2722  0 0
03 2897  0 0
03 0062  0 0
03 1238  0 0
03 1521  0 0
03 2229  0 0
03 2572  0 0
03 0463  0 0
03 1102  0 0
03 1142  0 0
03 1306  0 0
03 1459  0 0
03 1466  0 0
03 1469  0 0
03 2254  0 0
03 2316  0 0
03 2842  0 0
03 3102  0 0
04 2342  0 0
04 2939  0 0
04 2376  0 0
04 3073  0 0
04 2844  0 0
04 2519  0 0
04 3043  0 0
04 2742  0 0
04 1829  0 0
04 2777  0 0
04 1099  0 0
04 1323  0 0
04 2356  0 0
04 2017  0 0
04 2701  0 0
04 1032  0 0
04 2170  0 0
04 0020  0 0
04 0412  0 0
04 2081  0 0
04 3101  0 0
04 3031  0 0
04 0409  0 0
04 1224  0 0
04 2298  0 0
04 1753  0 0
04 3140  0 0
04 0425  0 0
04 0876  0 0
04 0883  0 0
04 3137  0 0
04 3148  0 0
04 2958  0 0
04 0964  0 0
04 0124  0 0
04 0300  0 0
04 2077  0 0
04 2174  0 0
04 2436  0 0
04 1301  0 0
04 1530  0 0
04 1588  0 0
04 0074  0 0
04 0091  0 0
04 0232  0 0
04 1150  0 0
04 2621  0 0
04 1295  0 0
04 2477  0 0
04 2744  0 0
05 1188  0 0
05 1053  0 0
05 2522  0 0
05 2534  0 0
05 0251  0 0
05 1742  0 0
05 2820  0 0
05 1392  0 0
05 2379  0 0
05 2542  0 0
05 2868  0 0
05 3030  0 0
05 0679  0 0
05 0799  0 0
05 2358  0 0
05 2451  0 0
05 2469  0 0
05 2541  0 0
05 3050  0 0
05 3137  0 0
05 0173  0 0
05 0333  0 0
05 0493  0 0
05 1435  0 0
05 2188  0 0
05 2718  0 0
05 2812  0 0
05 2964  0 0
05 2978  0 0
05 2960  0 0
05 2399  0 0
05 0491  0 0
05 1101  0 0
05 1433  0 0
05 2738  0 0
05 0892  0 0
05 2036  0 0
05 1997  0 0
05 0063  0 0
05 0606  0 0
05 1750  0 0
05 2648  0 0
05 2753  0 0
05 3147  0 0
05 2271  0 0
05 0756  0 0
05 1252  0 0
05 2003  0 0
05 1142  0 0
05 2193  0 0
06 2826  0 0
06 1543  0 0
06 0438  0 0
06 1088  0 0
06 2078  0 0
06 1001  0 0
06 2721  0 0
06 0242  0 0
06 2828  0 0
06 0530  0 0
06 2502  0 0
06 2671  0 0
06 2230  0 0
06 1404  0 0
06 1456  0 0
06 2684  0 0
06 2187  0 0
06 2389  0 0
06 1186  0 0
06 2417  0 0
06 2909  0 0
06 1433  0 0
06 3172  0 0
06 0705  0 0
06 0888  0 0
06 3035  0 0
06 1009  0 0
06 0697  0 0
06 0704  0 0
06 0887  0 0
06 0768  0 0
06 0767  0 0
07 3043  0 0
07 0270  0 0
07 1873  0 0
07 2306  0 0
07 1353  0 0
07 3140  0 0
07 0717  0 0
07 0804  0 0
07 1122  0 0
07 1551  0 0
07 1796  0 0
07 1952  0 0
07 2860  0 0
07 2890  0 0
07 2968  0 0
07 3075  0 0
07 3094  0 0
07 1846  0 0
07 0371  0 0
07 2972  0 0
07 1342  0 0
07 1660  0 0
07 2007  0 0
07 2435  0 0
07 2767  0 0
07 2830  0 0
07 3006  0 0
07 3061  0 0
07 0136  0 0
07 0356  0 0
07 0740  0 0
07 1553  0 0
07 2949  0 0
07 0069  0 0
07 1658  0 0
07 1851  0 0
07 2267  0 0
07 2283  0 0
07 2417  0 0
07 2725  0 0
07 2828  0 0
07 2884  0 0
07 3055  0 0
07 2912  0 0
07 1870  0 0
07 1953  0 0
07 2454  0 0
07 2490  0 0
07 2674  0 0
07 2376  0 0
08 0615  0 0
08 2625  0 0
08 0492  0 0
08 2860  0 0
08 2830  0 0
08 1462  0 0
08 2840  0 0
08 0332  0 0
08 1869  0 0
08 2858  0 0
08 1461  0 0
08 2371  0 0
08 0912  0 0
08 2867  0 0
08 1752  0 0
08 1326  0 0
08 3068  0 0
08 0008  0 0
08 1247  0 0
08 0757  0 0
08 0003  0 0
08 2020  0 0
08 1505  0 0
08 0820  0 0
08 1611  0 0
08 3133  0 0
08 2319  0 0
08 2500  0 0
08 0828  0 0
08 1890  0 0
08 2485  0 0
08 2499  0 0
08 2955  0 0
08 0441  0 0
08 1261  0 0
08 1723  0 0
08 2197  0 0
08 1534  0 0
08 2379  0 0
08 2868  0 0
08 0517  0 0
08 3158  0 0
08 1928  0 0
08 1960  0 0
08 0383  0 0
08 1989  0 0
08 0585  0 0
08 2424  0 0
08 2597  0 0
08 2632  0 0
09 3068  0 0
09 1462  0 0
09 2840  0 0
09 2849  0 0
09 1461  0 0
09 1032  0 0
09 2372  0 0
09 3137  0 0
09 2867  0 0
09 2578  0 0
09 2955  0 0
09 1247  0 0
09 1012  0 0
09 1164  0 0
09 1341  0 0
09 1781  0 0
09 2690  0 0
09 0018  0 0
09 0025  0 0
09 0092  0 0
09 0238  0 0
09 0322  0 0
09 1572  0 0
09 1677  0 0
09 1748  0 0
09 1754  0 0
09 1912  0 0
09 2111  0 0
09 2138  0 0
09 2184  0 0
09 1326  0 0
09 2949  0 0
09 0104  0 0
09 0651  0 0
09 0652  0 0
09 0795  0 0
09 1387  0 0
09 1410  0 0
09 1484  0 0
09 1541  0 0
09 1892  0 0
09 1901  0 0
09 2247  0 0
09 2317  0 0
09 2741  0 0
09 3050  0 0
09 3070  0 0
09 3144  0 0
09 0757  0 0
09 0046  0 0
10 1795  0 0
10 2714  0 0
10 2705  0 0
10 1138  0 0
10 1470  0 0
10 1485  0 0
10 2558  0 0
10 2603  0 0
10 2931  0 0
10 3150  0 0
10 3188  0 0
10 0141  0 0
10 0392  0 0
10 1158  0 0
10 2685  0 0
10 2851  0 0
10 3075  0 0
10 0249  0 0
10 0463  0 0
10 1102  0 0
10 1142  0 0
10 1306  0 0
10 1459  0 0
10 1466  0 0
10 1469  0 0
10 2254  0 0
10 2316  0 0
10 2842  0 0
10 3102  0 0
10 3198  0 0
10 1601  0 0
10 1811  0 0
10 1828  0 0
10 2342  0 0
10 2896  0 0
10 2973  0 0
10 3156  0 0
10 0950  0 0
10 2570  0 0
10 2700  0 0
10 2865  0 0
10 0205  0 0
10 0651  0 0
10 0920  0 0
10 0990  0 0
10 1703  0 0
10 1788  0 0
10 2317  0 0
10 2645  0 0
10 2650  0 0
11 2699  0 0
11 2906  0 0
11 2956  0 0
11 2815  0 0
11 2527  0 0
11 2923  0 0
11 3148  0 0
11 1903  0 0
11 1872  0 0
11 2717  0 0
11 1043  0 0
11 2705  0 0
11 0074  0 0
11 0081  0 0
11 0232  0 0
11 2621  0 0
11 1138  0 0
11 1470  0 0
11 1485  0 0
11 2558  0 0
11 2603  0 0
11 2931  0 0
11 3150  0 0
11 3188  0 0
11 0249  0 0
11 0795  0 0
11 1720  0 0
11 0463  0 0
11 1102  0 0
11 1142  0 0
11 1306  0 0
11 1459  0 0
11 1466  0 0
11 1469  0 0
11 2254  0 0
11 2316  0 0
11 2842  0 0
11 3102  0 0
11 3198  0 0
11 0198  0 0
11 1223  0 0
11 1627  0 0
11 2922  0 0
11 3123  0 0
11 0205  0 0
11 0651  0 0
11 0920  0 0
11 0990  0 0
11 1703  0 0
11 1788  0 0
12 1462  0 0
12 2840  0 0
12 3127  0 0
12 1461  0 0
12 2867  0 0
12 3068  0 0
12 2246  0 0
12 1247  0 0
12 1930  0 0
12 2319  0 0
12 2955  0 0
12 1534  0 0
12 2379  0 0
12 2868  0 0
12 0585  0 0
12 2424  0 0
12 2597  0 0
12 2632  0 0
12 2740  0 0
12 1012  0 0
12 1164  0 0
12 1341  0 0
12 1781  0 0
12 2690  0 0
12 1069  0 0
12 1264  0 0
12 1755  0 0
12 2378  0 0
12 2796  0 0
12 0018  0 0
12 0025  0 0
12 0092  0 0
12 0238  0 0
12 0322  0 0
12 1572  0 0
12 1677  0 0
12 1748  0 0
12 1754  0 0
12 1912  0 0
12 2111  0 0
12 2138  0 0
12 2184  0 0
12 1464  0 0
12 1519  0 0
12 1752  0 0
12 0104  0 0
12 0651  0 0
12 0652  0 0
12 0795  0 0
12 1032  0 0
13 1947  0 0
13 1231  0 0
13 1807  0 0
13 1997  0 0
13 0195  0 0
13 2491  0 0
13 2078  0 0
13 2835  0 0
13 0164  0 0
13 2748  0 0
13 3125  0 0
13 2508  0 0
13 2645  0 0
13 2344  0 0
13 2611  0 0
13 1901  0 0
13 2498  0 0
13 2711  0 0
13 0267  0 0
13 0598  0 0
13 1708  0 0
13 1969  0 0
13 0031  0 0
13 0230  0 0
13 1973  0 0
13 2464  0 0
13 1369  0 0
13 2389  0 0
13 2537  0 0
13 2680  0 0
13 2816  0 0
13 3074  0 0
13 0117  0 0
13 0048  0 0
13 0797  0 0
13 1362  0 0
13 1786  0 0
13 1795  0 0
13 3080  0 0
13 2230  0 0
13 2745  0 0
13 2863  0 0
13 1350  0 0
13 0066  0 0
13 0333  0 0
13 1187  0 0
13 1223  0 0
13 1886  0 0
13 3110  0 0
13 2033  0 0
14 3132  0 0
14 0307  0 0
14 2227  0 0
14 2957  0 0
14 2263  0 0
14 0853  0 0
14 2146  0 0
14 0121  0 0
14 1066  0 0
14 0132  0 0
14 0662  0 0
14 0677  0 0
14 0701  0 0
14 0841  0 0
14 0862  0 0
14 2397  0 0
14 2563  0 0
14 2988  0 0
14 2976  0 0
14 1873  0 0
14 2306  0 0
14 0048  0 0
14 1259  0 0
14 2170  0 0
14 1724  0 0
14 2106  0 0
14 1191  0 0
14 2716  0 0
14 2817  0 0
14 2876  0 0
14 3164  0 0
14 2444  0 0
14 1831  0 0
14 2907  0 0
14 3036  0 0
14 0049  0 0
14 1196  0 0
14 0507  0 0
14 0776  0 0
14 1961  0 0
14 0860  0 0
14 2348  0 0
14 0457  0 0
14 1959  0 0
14 2324  0 0
14 2593  0 0
14 3011  0 0
14 0270  0 0
14 0717  0 0
14 0804  0 0
15 1231  0 0
15 3125  0 0
15 1807  0 0
15 1947  0 0
15 2835  0 0
15 2344  0 0
15 2611  0 0
15 2464  0 0
15 0820  0 0
15 2685  0 0
15 0307  0 0
15 2227  0 0
15 0121  0 0
15 2323  0 0
15 3029  0 0
15 0095  0 0
15 0658  0 0
15 1737  0 0
15 1768  0 0
15 1191  0 0
15 2444  0 0
15 2332  0 0
15 0507  0 0
15 0776  0 0
15 1961  0 0
15 0457  0 0
15 1910  0 0
15 1995  0 0
15 0089  0 0
15 3132  0 0
15 2266  0 0
15 2752  0 0
15 2701  0 0
16 1210  0 0
16 1462  0 0
16 2840  0 0
16 2740  0 0
16 1461  0 0
16 2378  0 0
16 2160  0 0
16 2867  0 0
16 2688  0 0
16 1959  0 0
16 3068  0 0
16 3119  0 0
16 0307  0 0
16 2227  0 0
16 2376  0 0
16 3073  0 0
16 1247  0 0
16 2168  0 0
16 3147  0 0
16 0043  0 0
16 1136  0 0
16 1950  0 0
16 2625  0 0
16 2319  0 0
16 0020  0 0
16 0412  0 0
16 0107  0 0
16 0395  0 0
16 0827  0 0
16 0121  0 0
16 0225  0 0
16 0525  0 0
16 2704  0 0
16 2955  0 0
16 1753  0 0
16 2342  0 0
16 3043  0 0
16 3140  0 0
16 0269  0 0
16 1860  0 0
16 1534  0 0
16 2379  0 0
16 2868  0 0
16 0296  0 0
16 0394  0 0
16 0428  0 0
16 1076  0 0
16 1975  0 0
16 0492  0 0
16 0581  0 0
17 1947  0 0
17 1231  0 0
17 1757  0 0
17 1807  0 0
17 1486  0 0
17 0195  0 0
17 2491  0 0
17 2835  0 0
17 2748  0 0
17 3125  0 0
17 2344  0 0
17 2611  0 0
17 0091  0 0
17 0537  0 0
17 1014  0 0
17 1167  0 0
17 1168  0 0
17 0031  0 0
17 0230  0 0
17 1973  0 0
17 2464  0 0
17 0035  0 0
17 0241  0 0
17 0593  0 0
17 1159  0 0
17 1854  0 0
17 2035  0 0
17 2079  0 0
17 2297  0 0
17 2527  0 0
17 2919  0 0
17 3005  0 0
17 0048  0 0
17 0797  0 0
17 1362  0 0
17 1786  0 0
17 1795  0 0
17 3080  0 0
17 0079  0 0
17 1708  0 0
17 2299  0 0
17 2979  0 0
17 2117  0 0
17 0066  0 0
17 0333  0 0
17 1187  0 0
17 1223  0 0
17 1886  0 0
17 3110  0 0
17 1289  0 0
18 2714  0 0
18 1811  0 0
18 0249  0 0
18 3110  0 0
18 1795  0 0
18 2897  0 0
18 0303  0 0
18 2266  0 0
18 1425  0 0
18 1463  0 0
18 1742  0 0
18 0195  0 0
18 2491  0 0
18 1603  0 0
18 2156  0 0
18 2705  0 0
18 3074  0 0
18 1947  0 0
18 2748  0 0
18 3048  0 0
18 1138  0 0
18 1470  0 0
18 1485  0 0
18 2558  0 0
18 2603  0 0
18 2931  0 0
18 3150  0 0
18 3188  0 0
18 0100  0 0
18 1007  0 0
18 2423  0 0
18 0141  0 0
18 0392  0 0
18 1158  0 0
18 2685  0 0
18 2851  0 0
18 3075  0 0
18 0082  0 0
18 0763  0 0
18 1825  0 0
18 2497  0 0
18 2706  0 0
18 2551  0 0
18 0031  0 0
18 0230  0 0
18 1973  0 0
18 1310  0 0
18 2661  0 0
18 0463  0 0
18 1102  0 0
19 3075  0 0
19 2714  0 0
19 1873  0 0
19 2306  0 0
19 0141  0 0
19 0392  0 0
19 1158  0 0
19 2685  0 0
19 2851  0 0
19 1601  0 0
19 1795  0 0
19 1811  0 0
19 1828  0 0
19 2342  0 0
19 2896  0 0
19 2973  0 0
19 3156  0 0
19 0270  0 0
19 0717  0 0
19 0804  0 0
19 1122  0 0
19 1551  0 0
19 1796  0 0
19 1952  0 0
19 2860  0 0
19 2890  0 0
19 2968  0 0
19 3094  0 0
19 0371  0 0
19 0950  0 0
19 2570  0 0
19 2700  0 0
19 2865  0 0
19 1342  0 0
19 1660  0 0
19 2007  0 0
19 2435  0 0
19 2767  0 0
19 2830  0 0
19 3006  0 0
19 3061  0 0
19 1262  0 0
19 1613  0 0
19 1658  0 0
19 1851  0 0
19 2267  0 0
19 2283  0 0
19 2417  0 0
19 2725  0 0
19 2828  0 0
20 2490  0 0
20 2986  0 0
20 3176  0 0
20 1504  0 0
20 2442  0 0
20 2506  0 0
20 0285  0 0
20 0315  0 0
20 0349  0 0
20 0749  0 0
20 0956  0 0
20 2631  0 0
20 1873  0 0
20 2306  0 0
20 2177  0 0
20 2461  0 0
20 2780  0 0
20 0070  0 0
20 0635  0 0
20 1787  0 0
20 1963  0 0
20 2081  0 0
20 2806  0 0
20 1481  0 0
20 2161  0 0
20 2172  0 0
20 2289  0 0
20 2568  0 0
20 2630  0 0
20 2790  0 0
20 3139  0 0
20 0270  0 0
20 0717  0 0
20 0804  0 0
20 1122  0 0
20 1551  0 0
20 1796  0 0
20 1952  0 0
20 2860  0 0
20 2890  0 0
20 2968  0 0
20 3075  0 0
20 3094  0 0
20 2199  0 0
20 0256  0 0
20 0301  0 0
20 0495  0 0
20 0496  0 0
20 0511  0 0
20 0751  0 0
21 1650  0 0
21 2435  0 0
21 2932  0 0
21 2454  0 0
21 3007  0 0
21 1997  0 0
21 2337  0 0
21 2702  0 0
21 0164  0 0
21 2081  0 0
21 0895  0 0
21 1306  0 0
21 1873  0 0
21 2306  0 0
21 0425  0 0
21 0876  0 0
21 0883  0 0
21 2508  0 0
21 2645  0 0
21 1659  0 0
21 2504  0 0
21 3086  0 0
21 0955  0 0
21 1111  0 0
21 1540  0 0
21 1404  0 0
21 2703  0 0
21 0267  0 0
21 0598  0 0
21 1708  0 0
21 1943  0 0
21 1969  0 0
21 0319  0 0
21 1186  0 0
21 0270  0 0
21 0717  0 0
21 0804  0 0
21 1122  0 0
21 1551  0 0
21 1796  0 0
21 1952  0 0
21 2860  0 0
21 2890  0 0
21 2968  0 0
21 3075  0 0
21 3094  0 0
21 0117  0 0
21 0345  0 0
21 0346  0 0
21 0877  0 0
22 1915  0 0
22 2441  0 0
22 2473  0 0
22 2564  0 0
22 2637  0 0
22 2638  0 0
22 2384  0 0
22 2924  0 0
22 2369  0 0
22 2211  0 0
22 2828  0 0
22 2188  0 0
22 2967  0 0
22 0266  0 0
22 2004  0 0
22 0439  0 0
22 2054  0 0
22 1325  0 0
22 1873  0 0
22 2306  0 0
22 1978  0 0
22 1409  0 0
22 1301  0 0
22 1530  0 0
22 1588  0 0
22 0087  0 0
22 2892  0 0
22 3171  0 0
22 0840  0 0
22 2238  0 0
22 2760  0 0
22 2761  0 0
22 2925  0 0
22 0270  0 0
22 0717  0 0
22 0804  0 0
22 1122  0 0
22 1551  0 0
22 1796  0 0
22 1952  0 0
22 2860  0 0
22 2890  0 0
22 2968  0 0
22 3075  0 0
22 3094  0 0
22 0171  0 0
22 0204  0 0
22 0452  0 0
22 1067  0 0
22 1230  0 0
23 3148  0 0
23 0627  0 0
23 0793  0 0
23 2313  0 0
23 2594  0 0
23 2709  0 0
23 0072  0 0
23 0096  0 0
23 1105  0 0
23 2810  0 0
23 1873  0 0
23 2306  0 0
23 3043  0 0
23 3137  0 0
23 0657  0 0
23 1158  0 0
23 1831  0 0
23 2155  0 0
23 3124  0 0
23 0481  0 0
23 0830  0 0
23 1224  0 0
23 1525  0 0
23 1745  0 0
23 2197  0 0
23 3166  0 0
23 2578  0 0
23 2816  0 0
23 3082  0 0
23 0270  0 0
23 0717  0 0
23 0804  0 0
23 1122  0 0
23 1551  0 0
23 1796  0 0
23 1952  0 0
23 2860  0 0
23 2890  0 0
23 2968  0 0
23 3075  0 0
23 3094  0 0
23 2849  0 0
23 0849  0 0
23 1431  0 0
23 1878  0 0
23 2032  0 0
23 2113  0 0
23 2433  0 0
23 2451  0 0
23 3106  0 0
24 2376  0 0
24 3073  0 0
24 0268  0 0
24 1235  0 0
24 0020  0 0
24 0412  0 0
24 2844  0 0
24 1753  0 0
24 2342  0 0
24 3043  0 0
24 3140  0 0
24 0927  0 0
24 1696  0 0
24 2882  0 0
24 1359  0 0
24 0293  0 0
24 2453  0 0
24 3115  0 0
24 3141  0 0
24 1194  0 0
24 1441  0 0
24 1846  0 0
24 3138  0 0
25 2318  0 0
25 3136  0 0
25 0436  0 0
25 1653  0 0
25 1341  0 0
25 3048  0 0
25 2344  0 0
25 3089  0 0
25 1901  0 0
25 3070  0 0
25 2319  0 0
25 2882  0 0
25 3078  0 0
25 1435  0 0
25 2188  0 0
25 2262  0 0
25 2812  0 0
25 2859  0 0
25 2955  0 0
25 2889  0 0
25 0630  0 0
25 0819  0 0
25 1267  0 0
25 1003  0 0
25 1071  0 0
25 1247  0 0
25 1826  0 0
25 2818  0 0
25 1827  0 0
25 2679  0 0
25 2984  0 0
25 0360  0 0
25 0741  0 0
25 0742  0 0
25 1093  0 0
25 1128  0 0
25 2542  0 0
25 2874  0 0
25 2852  0 0
25 1012  0 0
25 1164  0 0
25 1462  0 0
25 1781  0 0
25 2690  0 0
25 2840  0 0
25 1938  0 0
25 2669  0 0
25 2716  0 0
25 2765  0 0
25 1374  0 0
26 1462  0 0
26 2840  0 0
26 1461  0 0
26 2867  0 0
26 2939  0 0
26 3068  0 0
26 2578  0 0
26 1247  0 0
26 0618  0 0
26 3153  0 0
26 2844  0 0
26 2319  0 0
26 2709  0 0
26 2821  0 0
26 3154  0 0
26 2955  0 0
26 1534  0 0
26 2379  0 0
26 2868  0 0
26 2742  0 0
26 2150  0 0
26 0585  0 0
26 2424  0 0
26 2597  0 0
26 2632  0 0
26 2740  0 0
26 0121  0 0
26 0971  0 0
26 1198  0 0
26 2366  0 0
26 2433  0 0
26 2626  0 0
26 1012  0 0
26 1164  0 0
26 1341  0 0
26 1781  0 0
26 2690  0 0
26 0086  0 0
26 0059  0 0
26 1069  0 0
26 1264  0 0
26 1755  0 0
26 2378  0 0
26 2796  0 0
26 3127  0 0
26 0638  0 0
26 1338  0 0
26 1353  0 0
26 2922  0 0
26 0084  0 0
27 2988  0 0
27 1462  0 0
27 2840  0 0
27 1461  0 0
27 2867  0 0
27 1959  0 0
27 1752  0 0
27 3068  0 0
27 2262  0 0
27 2859  0 0
27 0155  0 0
27 1247  0 0
27 2198  0 0
27 1826  0 0
27 1924  0 0
27 2798  0 0
27 2818  0 0
27 1001  0 0
27 2918  0 0
27 3153  0 0
27 2319  0 0
27 2526  0 0
27 2681  0 0
27 2955  0 0
27 2502  0 0
27 2852  0 0
27 1534  0 0
27 2379  0 0
27 2868  0 0
27 1404  0 0
27 1456  0 0
27 2106  0 0
27 3063  0 0
27 0855  0 0
27 0086  0 0
27 0585  0 0
27 2424  0 0
27 2597  0 0
27 2632  0 0
27 2740  0 0
27 0059  0 0
27 2324  0 0
27 2593  0 0
27 3011  0 0
27 1642  0 0
27 1753  0 0
27 2297  0 0
27 2358  0 0
27 2435  0 0
27 2902  0 0
28 2849  0 0
28 0757  0 0
28 0828  0 0
28 1890  0 0
28 2890  0 0
28 0517  0 0
28 3158  0 0
28 2949  0 0
28 0383  0 0
28 1989  0 0
28 0036  0 0
28 0367  0 0
28 2371  0 0
28 2515  0 0
28 2614  0 0
28 0136  0 0
28 0356  0 0
28 0740  0 0
28 1532  0 0
28 1326  0 0
28 2454  0 0
28 2445  0 0
28 2562  0 0
28 0770  0 0
28 0906  0 0
28 0820  0 0
28 1611  0 0
28 3133  0 0
28 1267  0 0
28 2377  0 0
28 2247  0 0
28 0616  0 0
28 1906  0 0
28 2928  0 0
28 0441  0 0
28 1261  0 0
28 1723  0 0
28 2197  0 0
28 1873  0 0
28 2306  0 0
28 1215  0 0
28 1301  0 0
28 1530  0 0
28 1588  0 0
28 2888  0 0
28 0857  0 0
28 1360  0 0
28 2722  0 0
28 1928  0 0
28 2967  0 0
29 2089  0 0
29 2462  0 0
29 1537  0 0
29 1538  0 0
29 1840  0 0
29 2770  0 0
29 0197  0 0
29 0294  0 0
29 2087  0 0
29 1539  0 0
29 1841  0 0
29 0804  0 0
29 1631  0 0
29 3131  0 0
29 0216  0 0
29 0353  0 0
29 0355  0 0
29 0546  0 0
29 0567  0 0
29 0568  0 0
29 1420  0 0
29 1812  0 0
29 1930  0 0
29 1991  0 0
29 2115  0 0
29 0298  0 0
29 0304  0 0
29 0348  0 0
29 0443  0 0
29 0553  0 0
29 0979  0 0
29 1011  0 0
29 1268  0 0
29 1694  0 0
29 1794  0 0
29 1933  0 0
29 2334  0 0
29 0334  0 0
29 0628  0 0
29 1219  0 0
29 1674  0 0
29 2104  0 0
29 2122  0 0
29 2489  0 0
29 2525  0 0
29 2565  0 0
29 0537  0 0
29 2644  0 0
29 0626  0 0
29 1691  0 0
30 0195  0 0
30 2955  0 0
30 0248  0 0
30 2631  0 0
30 1012  0 0
30 1164  0 0
30 1341  0 0
30 1462  0 0
30 1781  0 0
30 2690  0 0
30 2840  0 0
30 2909  0 0
30 1256  0 0
30 0018  0 0
30 0025  0 0
30 0092  0 0
30 0238  0 0
30 0322  0 0
30 1461  0 0
30 1572  0 0
30 1677  0 0
30 1748  0 0
30 1754  0 0
30 1912  0 0
30 2111  0 0
30 2138  0 0
30 2184  0 0
30 0104  0 0
30 0651  0 0
30 0652  0 0
30 0795  0 0
30 1032  0 0
30 1387  0 0
30 1410  0 0
30 1484  0 0
30 1541  0 0
30 1892  0 0
30 1901  0 0
30 2247  0 0
30 2317  0 0
30 2372  0 0
30 2741  0 0
30 2867  0 0
30 3050  0 0
30 3070  0 0
30 3137  0 0
30 3144  0 0
30 0953  0 0
30 2356  0 0
30 0084  0 0
31 3015  0 0
31 0533  0 0
31 1796  0 0
31 1952  0 0
31 1839  0 0
31 1424  0 0
31 1383  0 0
31 0415  0 0
31 1660  0 0
31 0849  0 0
31 1925  0 0
31 1105  0 0
31 1106  0 0
31 0491  0 0
31 1652  0 0
31 2906  0 0
31 1570  0 0
31 2307  0 0
31 1641  0 0
31 1183  0 0
31 0721  0 0
31 0135  0 0
31 0144  0 0
31 0148  0 0
31 0157  0 0
31 0189  0 0
31 0464  0 0
31 0893  0 0
31 1002  0 0
31 1261  0 0
31 1593  0 0
31 1793  0 0
31 0141  0 0
31 0392  0 0
31 0394  0 0
31 0528  0 0
31 0657  0 0
31 1158  0 0
31 1588  0 0
31 1746  0 0
31 1770  0 0
31 1085  0 0
31 0104  0 0
31 0171  0 0
31 0323  0 0
31 1928  0 0
31 1233  0 0
31 0986  0 0
31 0002  0 0
31 0198  0 0
32 2490  0 0
32 1504  0 0
32 2619  0 0
32 2177  0 0
32 2461  0 0
32 1961  0 0
32 1839  0 0
32 1481  0 0
32 2161  0 0
32 2172  0 0
32 2289  0 0
32 2568  0 0
32 2630  0 0
32 2790  0 0
32 3139  0 0
32 1847  0 0
32 2430  0 0
32 2934  0 0
32 1905  0 0
32 1456  0 0
32 2178  0 0
32 2290  0 0
32 2368  0 0
32 2444  0 0
32 1529  0 0
32 2752  0 0
32 1899  0 0
32 3132  0 0
32 1873  0 0
32 2306  0 0
32 1145  0 0
32 0270  0 0
32 0717  0 0
32 0804  0 0
32 1122  0 0
32 1551  0 0
32 1796  0 0
32 1952  0 0
32 2860  0 0
32 2890  0 0
32 2968  0 0
32 3075  0 0
32 3094  0 0
32 0371  0 0
32 1429  0 0
32 1342  0 0
32 1660  0 0
32 2007  0 0
32 2435  0 0
32 2767  0 0
33 1104  0 0
33 2605  0 0
33 1658  0 0
33 1782  0 0
33 1809  0 0
33 2226  0 0
33 1952  0 0
33 0980  0 0
33 2805  0 0
33 1529  0 0
33 1662  0 0
33 2778  0 0
33 2335  0 0
33 1351  0 0
33 1636  0 0
33 0085  0 0
33 2286  0 0
33 1045  0 0
33 1954  0 0
33 1968  0 0
33 2043  0 0
33 1220  0 0
33 1221  0 0
33 0285  0 0
33 0315  0 0
33 0349  0 0
33 0749  0 0
33 0956  0 0
33 1990  0 0
33 2838  0 0
33 0842  0 0
33 0559  0 0
33 1285  0 0
33 1577  0 0
33 1766  0 0
33 1859  0 0
33 0070  0 0
33 0635  0 0
33 1787  0 0
33 1963  0 0
33 2081  0 0
33 2806  0 0
33 2310  0 0
33 2719  0 0
33 2871  0 0
33 0213  0 0
33 2325  0 0
33 1147  0 0
33 3062  0 0
33 0256  0 0
34 1524  0 0
34 0679  0 0
34 0089  0 0
34 1463  0 0
34 0307  0 0
34 2227  0 0
34 0980  0 0
34 2757  0 0
34 1142  0 0
34 1949  0 0
34 0177  0 0
34 1812  0 0
34 0150  0 0
34 0515  0 0
34 0672  0 0
34 1220  0 0
34 1221  0 0
34 1188  0 0
34 0005  0 0
34 0819  0 0
34 0660  0 0
34 3195  0 0
34 0234  0 0
34 1253  0 0
34 1301  0 0
34 1530  0 0
34 1588  0 0
34 1191  0 0
34 0035  0 0
34 1615  0 0
34 0231  0 0
34 1397  0 0
34 1755  0 0
34 0125  0 0
34 0340  0 0
34 0341  0 0
34 1393  0 0
34 0507  0 0
34 0776  0 0
34 1961  0 0
34 2647  0 0
34 0171  0 0
34 0204  0 0
34 0452  0 0
34 0848  0 0
34 0962  0 0
34 1803  0 0
34 1932  0 0
34 0653  0 0
34 3132  0 0
35 1474  0 0
35 1214  0 0
35 1397  0 0
35 3203  0 0
35 0284  0 0
35 2850  0 0
35 2414  0 0
35 3201  0 0
35 0717  0 0
35 2090  0 0
35 1393  0 0
35 1122  0 0
35 1664  0 0
35 2166  0 0
35 2490  0 0
35 0762  0 0
35 0393  0 0
35 0055  0 0
35 2810  0 0
35 1020  0 0
35 2356  0 0
35 3132  0 0
35 0125  0 0
35 0340  0 0
35 0341  0 0
35 3199  0 0
35 1631  0 0
35 2532  0 0
35 2702  0 0
35 1080  0 0
35 2440  0 0
35 2458  0 0
35 2676  0 0
35 0351  0 0
35 0646  0 0
35 0937  0 0
35 1391  0 0
35 1595  0 0
35 0371  0 0
35 0206  0 0
35 0526  0 0
35 0928  0 0
35 1396  0 0
35 2164  0 0
35 0021  0 0
35 2167  0 0
35 0496  0 0
35 0112  0 0
35 0325  0 0
35 0647  0 0
36 2110  0 0
36 1131  0 0
36 2030  0 0
36 1265  0 0
36 2476  0 0
36 1737  0 0
36 1768  0 0
36 2084  0 0
36 1350  0 0
36 2811  0 0
36 2916  0 0
36 2698  0 0
36 2061  0 0
36 1012  0 0
36 1548  0 0
36 3106  0 0
36 1020  0 0
36 1184  0 0
36 2963  0 0
36 1612  0 0
36 2050  0 0
36 2733  0 0
36 2982  0 0
36 3094  0 0
36 1141  0 0
36 1137  0 0
36 0720  0 0
36 1024  0 0
36 1552  0 0
36 0204  0 0
36 1399  0 0
36 1679  0 0
36 3172  0 0
36 1525  0 0
36 3075  0 0
36 1669  0 0
36 0462  0 0
36 2370  0 0
36 1400  0 0
36 1619  0 0
36 2908  0 0
36 2996  0 0
36 2880  0 0
36 2832  0 0
36 2739  0 0
36 0655  0 0
36 0691  0 0
36 1162  0 0
36 1835  0 0
36 2059  0 0
37 1143  0 0
37 2265  0 0
37 2341  0 0
37 2937  0 0
37 2651  0 0
37 2956  0 0
37 2342  0 0
37 0676  0 0
37 0990  0 0
37 2958  0 0
37 3031  0 0
37 2376  0 0
37 0549  0 0
37 0794  0 0
37 2244  0 0
37 2242  0 0
37 1398  0 0
37 0770  0 0
37 0906  0 0
37 0033  0 0
37 2243  0 0
37 2321  0 0
37 0457  0 0
37 0538  0 0
37 0100  0 0
37 2241  0 0
37 0183  0 0
37 0560  0 0
37 3108  0 0
37 3114  0 0
37 0698  0 0
37 0195  0 0
37 2168  0 0
37 1828  0 0
37 2230  0 0
37 0860  0 0
37 2476  0 0
37 2960  0 0
37 1017  0 0
37 2059  0 0
37 2800  0 0
37 3128  0 0
37 0403  0 0
37 0785  0 0
37 1303  0 0
37 1323  0 0
37 1937  0 0
37 0977  0 0
37 1096  0 0
37 1243  0 0
38 3177  0 0
38 2958  0 0
38 3031  0 0
38 2194  0 0
38 2356  0 0
38 2909  0 0
38 2651  0 0
38 0195  0 0
38 1143  0 0
38 1569  0 0
38 2341  0 0
38 2937  0 0
38 1360  0 0
38 2956  0 0
38 2480  0 0
38 3143  0 0
38 2102  0 0
38 0024  0 0
38 0583  0 0
38 1324  0 0
38 3079  0 0
38 2265  0 0
38 0463  0 0
38 0582  0 0
38 1398  0 0
38 1267  0 0
38 2471  0 0
38 2247  0 0
38 0242  0 0
38 3003  0 0
38 0481  0 0
38 0100  0 0
38 0483  0 0
38 1215  0 0
38 0248  0 0
38 1301  0 0
38 1530  0 0
38 1588  0 0
38 0676  0 0
38 0990  0 0
38 2684  0 0
38 0857  0 0
38 1737  0 0
38 1768  0 0
38 2168  0 0
38 2722  0 0
38 1846  0 0
38 2159  0 0
38 0171  0 0
38 0204  0 0
39 3031  0 0
39 2958  0 0
39 2956  0 0
39 0724  0 0
39 2425  0 0
39 3185  0 0
39 2651  0 0
39 1142  0 0
39 2180  0 0
39 0990  0 0
39 2705  0 0
39 1138  0 0
39 1470  0 0
39 1485  0 0
39 2558  0 0
39 2603  0 0
39 2931  0 0
39 3150  0 0
39 3188  0 0
39 0100  0 0
39 2406  0 0
39 1678  0 0
39 0249  0 0
39 0195  0 0
39 0890  0 0
39 2168  0 0
39 1143  0 0
39 0602  0 0
39 0463  0 0
39 1102  0 0
39 1306  0 0
39 1459  0 0
39 1466  0 0
39 1469  0 0
39 2254  0 0
39 2316  0 0
39 2842  0 0
39 3102  0 0
39 3198  0 0
39 2909  0 0
39 2341  0 0
39 2937  0 0
39 2799  0 0
39 0205  0 0
39 0651  0 0
39 0920  0 0
39 1703  0 0
39 1788  0 0
39 2317  0 0
39 2645  0 0
40 2705  0 0
40 1142  0 0
40 2956  0 0
40 0990  0 0
40 1138  0 0
40 1470  0 0
40 1485  0 0
40 2558  0 0
40 2603  0 0
40 2931  0 0
40 3150  0 0
40 3188  0 0
40 1641  0 0
40 0249  0 0
40 0463  0 0
40 1102  0 0
40 1306  0 0
40 1459  0 0
40 1466  0 0
40 1469  0 0
40 2254  0 0
40 2316  0 0
40 2842  0 0
40 3102  0 0
40 3198  0 0
40 2651  0 0
40 0627  0 0
40 0793  0 0
40 0205  0 0
40 0651  0 0
40 0920  0 0
40 1703  0 0
40 1788  0 0
40 2317  0 0
40 2645  0 0
40 2650  0 0
40 2814  0 0
40 1379  0 0
40 0762  0 0
40 1366  0 0
40 2546  0 0
40 1098  0 0
40 1588  0 0
40 0303  0 0
40 0628  0 0
40 2084  0 0
40 2252  0 0
40 2305  0 0
40 2958  0 0
40 1496  0 0
41 3137  0 0
41 2578  0 0
41 2376  0 0
41 3043  0 0
41 1754  0 0
41 2955  0 0
41 2342  0 0
41 2323  0 0
41 3148  0 0
41 3070  0 0
41 3073  0 0
41 2816  0 0
41 3082  0 0
41 2570  0 0
41 2849  0 0
41 1012  0 0
41 1164  0 0
41 1341  0 0
41 1462  0 0
41 1781  0 0
41 2690  0 0
41 2840  0 0
41 1910  0 0
41 1780  0 0
41 0018  0 0
41 0025  0 0
41 0092  0 0
41 0238  0 0
41 0322  0 0
41 1461  0 0
41 1572  0 0
41 1677  0 0
41 1748  0 0
41 1912  0 0
41 2111  0 0
41 2138  0 0
41 2184  0 0
41 1136  0 0
41 1948  0 0
41 2327  0 0
41 0088  0 0
41 2949  0 0
41 1505  0 0
41 0052  0 0
41 1828  0 0
41 0104  0 0
41 0651  0 0
41 0652  0 0
41 0795  0 0
41 1032  0 0
42 0462  0 0
42 2215  0 0
42 2318  0 0
42 0204  0 0
42 2811  0 0
42 2370  0 0
42 1870  0 0
42 0436  0 0
42 1653  0 0
42 0633  0 0
42 2402  0 0
42 1030  0 0
42 3048  0 0
42 3136  0 0
42 3078  0 0
42 1665  0 0
42 3071  0 0
42 2203  0 0
42 2319  0 0
42 2437  0 0
42 2258  0 0
42 0362  0 0
42 1570  0 0
42 1774  0 0
42 1785  0 0
42 2707  0 0
42 1354  0 0
42 2145  0 0
42 2232  0 0
42 1543  0 0
42 2105  0 0
42 1399  0 0
42 2889  0 0
42 0630  0 0
42 0819  0 0
42 2789  0 0
42 0851  0 0
42 0858  0 0
42 1009  0 0
42 1394  0 0
42 0270  0 0
42 1808  0 0
42 2107  0 0
42 2641  0 0
42 1827  0 0
42 2679  0 0
42 2984  0 0
42 0175  0 0
42 1409  0 0
42 1170  0 0
43 3107  0 0
43 2569  0 0
43 0123  0 0
43 1891  0 0
43 0633  0 0
43 2201  0 0
43 2230  0 0
43 0462  0 0
43 0847  0 0
43 0464  0 0
43 1554  0 0
43 2372  0 0
43 1260  0 0
43 0525  0 0
43 2494  0 0
43 0866  0 0
43 1107  0 0
43 2302  0 0
43 0531  0 0
43 2367  0 0
43 3078  0 0
43 0698  0 0
43 0931  0 0
43 1809  0 0
43 2812  0 0
43 0235  0 0
43 2004  0 0
43 2560  0 0
43 2703  0 0
43 3100  0 0
43 0461  0 0
43 1003  0 0
43 0204  0 0
43 1399  0 0
43 0067  0 0
43 0999  0 0
43 1106  0 0
43 1553  0 0
43 1769  0 0
43 2308  0 0
43 2746  0 0
43 2910  0 0
43 0005  0 0
43 2806  0 0
43 2960  0 0
43 2370  0 0
43 2310  0 0
43 2719  0 0
43 2871  0 0
43 0941  0 0
44 2829  0 0
44 0464  0 0
44 0525  0 0
44 2494  0 0
44 2310  0 0
44 2719  0 0
44 2871  0 0
44 0931  0 0
44 1809  0 0
44 2812  0 0
44 3078  0 0
44 0461  0 0
44 1003  0 0
44 0238  0 0
44 0492  0 0
44 1014  0 0
44 1104  0 0
44 1141  0 0
44 1143  0 0
44 1911  0 0
44 2050  0 0
44 2605  0 0
44 2835  0 0
44 0633  0 0
44 1686  0 0
44 0085  0 0
44 0942  0 0
44 1529  0 0
44 1604  0 0
44 1823  0 0
44 1855  0 0
44 2218  0 0
44 2286  0 0
44 2375  0 0
44 2523  0 0
44 2877  0 0
44 2923  0 0
44 2683  0 0
44 2848  0 0
44 0167  0 0
44 0826  0 0
44 1307  0 0
44 1388  0 0
44 1658  0 0
44 1709  0 0
44 1732  0 0
44 1782  0 0
44 1989  0 0
44 2065  0 0
44 2765  0 0
45 3012  0 0
45 2318  0 0
45 2452  0 0
45 2109  0 0
45 2816  0 0
45 2319  0 0
45 2424  0 0
45 0695  0 0
45 3137  0 0
45 0379  0 0
45 1653  0 0
45 1827  0 0
45 2984  0 0
45 0652  0 0
45 3082  0 0
45 0891  0 0
45 1412  0 0
45 1271  0 0
45 1938  0 0
45 0017  0 0
45 0437  0 0
45 2272  0 0
45 2986  0 0
45 2311  0 0
45 1719  0 0
45 0239  0 0
45 3134  0 0
45 1195  0 0
45 3183  0 0
45 2949  0 0
45 2437  0 0
45 1535  0 0
45 1796  0 0
45 1952  0 0
45 2253  0 0
45 0275  0 0
45 2070  0 0
45 2114  0 0
45 2493  0 0
45 2964  0 0
45 2784  0 0
45 2837  0 0
45 3036  0 0
45 2298  0 0
45 0827  0 0
45 0656  0 0
45 1464  0 0
45 0332  0 0
45 1660  0 0
45 1173  0 0
46 1032  0 0
46 1457  0 0
46 1699  0 0
46 1087  0 0
46 1136  0 0
46 0329  0 0
46 2711  0 0
46 0634  0 0
46 0891  0 0
46 2516  0 0
46 1653  0 0
46 1029  0 0
46 2318  0 0
46 0292  0 0
46 0651  0 0
46 1623  0 0
46 1236  0 0
46 0661  0 0
46 3048  0 0
46 0275  0 0
46 2070  0 0
46 2114  0 0
46 2990  0 0
46 0723  0 0
46 2453  0 0
46 0675  0 0
46 0239  0 0
46 1359  0 0
46 2278  0 0
46 3134  0 0
46 0219  0 0
46 2882  0 0
46 0046  0 0
46 0985  0 0
46 3012  0 0
46 1624  0 0
46 1173  0 0
46 2319  0 0
46 1681  0 0
46 2598  0 0
46 0048  0 0
46 2901  0 0
46 1948  0 0
46 2327  0 0
46 1267  0 0
46 0592  0 0
46 0945  0 0
46 3092  0 0
46 2915  0 0
46 2889  0 0
47 0891  0 0
47 3012  0 0
47 0275  0 0
47 2070  0 0
47 2114  0 0
47 0239  0 0
47 3134  0 0
47 0634  0 0
47 2516  0 0
47 0798  0 0
47 2848  0 0
47 0292  0 0
47 0651  0 0
47 1032  0 0
47 2318  0 0
47 2726  0 0
47 1699  0 0
47 2990  0 0
47 1236  0 0
47 1515  0 0
47 1359  0 0
47 1457  0 0
47 2278  0 0
47 1770  0 0
47 2319  0 0
47 0619  0 0
47 0892  0 0
47 1309  0 0
47 1271  0 0
47 1681  0 0
47 1976  0 0
47 2288  0 0
47 2575  0 0
47 1327  0 0
47 1083  0 0
47 2543  0 0
47 2832  0 0
47 1653  0 0
47 1827  0 0
47 2984  0 0
47 0652  0 0
47 0594  0 0
47 1571  0 0
47 0953  0 0
47 1412  0 0
47 3033  0 0
47 0675  0 0
47 1456  0 0
47 1830  0 0
47 2140  0 0
48 2325  0 0
48 1171  0 0
48 1873  0 0
48 2306  0 0
48 1809  0 0
48 1658  0 0
48 2594  0 0
48 1327  0 0
48 0371  0 0
48 1504  0 0
48 1945  0 0
48 2589  0 0
48 2675  0 0
48 0270  0 0
48 0717  0 0
48 0804  0 0
48 1122  0 0
48 1551  0 0
48 1796  0 0
48 1952  0 0
48 2860  0 0
48 2890  0 0
48 2968  0 0
48 3075  0 0
48 3094  0 0
48 2417  0 0
48 2932  0 0
48 2226  0 0
48 1517  0 0
48 2509  0 0
48 2510  0 0
48 2155  0 0
48 3124  0 0
48 2285  0 0
48 1231  0 0
48 1601  0 0
48 0102  0 0
48 2958  0 0
48 0849  0 0
48 2490  0 0
48 1927  0 0
48 2426  0 0
48 1342  0 0
48 1660  0 0
48 2007  0 0
48 2435  0 0
48 2767  0 0
48 2830  0 0
48 3006  0 0
48 3061  0 0
49 0651  0 0
49 1032  0 0
49 1959  0 0
49 0239  0 0
49 2955  0 0
49 0652  0 0
49 2372  0 0
49 3137  0 0
49 2407  0 0
49 2479  0 0
49 2812  0 0
49 2561  0 0
49 0634  0 0
49 0891  0 0
49 2516  0 0
49 2345  0 0
49 1012  0 0
49 1164  0 0
49 1341  0 0
49 1462  0 0
49 1781  0 0
49 2690  0 0
49 2840  0 0
49 2882  0 0
49 1652  0 0
49 2631  0 0
49 1514  0 0
49 0292  0 0
49 2583  0 0
49 0018  0 0
49 0025  0 0
49 0092  0 0
49 0238  0 0
49 0322  0 0
49 1461  0 0
49 1572  0 0
49 1677  0 0
49 1748  0 0
49 1754  0 0
49 1912  0 0
49 2111  0 0
49 2138  0 0
49 2184  0 0
49 0275  0 0
49 1699  0 0
49 2070  0 0
49 2114  0 0
49 2990  0 0
49 1233  0 0
49 0104  0 0
50 2714  0 0
50 1811  0 0
50 0634  0 0
50 0891  0 0
50 2516  0 0
50 0292  0 0
50 0651  0 0
50 1032  0 0
50 0275  0 0
50 1699  0 0
50 2070  0 0
50 2114  0 0
50 2990  0 0
50 1742  0 0
50 0239  0 0
50 1359  0 0
50 1457  0 0
50 2278  0 0
50 3134  0 0
50 3012  0 0
50 1681  0 0
50 0141  0 0
50 0392  0 0
50 1158  0 0
50 2685  0 0
50 2851  0 0
50 3075  0 0
50 0082  0 0
50 0763  0 0
50 1825  0 0
50 2497  0 0
50 2888  0 0
50 0798  0 0
50 0892  0 0
50 1601  0 0
50 1795  0 0
50 1828  0 0
50 2342  0 0
50 2896  0 0
50 2973  0 0
50 3156  0 0
50 0249  0 0
50 0303  0 0
50 1976  0 0
50 2288  0 0
50 2575  0 0
50 0950  0 0
50 2570  0 0
50 2700  0 0
50 2865  0 0
51 2714  0 0
51 1811  0 0
51 3075  0 0
51 3006  0 0
51 1742  0 0
51 2017  0 0
51 2022  0 0
51 2085  0 0
51 2365  0 0
51 2881  0 0
51 1873  0 0
51 2306  0 0
51 0141  0 0
51 0392  0 0
51 1158  0 0
51 2685  0 0
51 2851  0 0
51 2137  0 0
51 2297  0 0
51 2872  0 0
51 0082  0 0
51 0763  0 0
51 1825  0 0
51 2497  0 0
51 2669  0 0
51 1601  0 0
51 1795  0 0
51 1828  0 0
51 2342  0 0
51 2896  0 0
51 2973  0 0
51 3156  0 0
51 0270  0 0
51 0717  0 0
51 0804  0 0
51 1122  0 0
51 1551  0 0
51 1796  0 0
51 1952  0 0
51 2860  0 0
51 2890  0 0
51 2968  0 0
51 3094  0 0
51 0249  0 0
51 0303  0 0
51 0371  0 0
51 1728  0 0
51 3152  0 0
51 0950  0 0
51 2570  0 0
52 0757  0 0
52 2749  0 0
52 0238  0 0
52 0557  0 0
52 0605  0 0
52 1030  0 0
52 1199  0 0
52 1207  0 0
52 1261  0 0
52 1426  0 0
52 1427  0 0
52 1572  0 0
52 1890  0 0
52 1912  0 0
52 0104  0 0
52 0678  0 0
52 1208  0 0
52 1329  0 0
52 1380  0 0
52 1928  0 0
52 2233  0 0
52 2767  0 0
52 2902  0 0
52 3070  0 0
52 1366  0 0
52 1435  0 0
52 2344  0 0
52 2721  0 0
52 2725  0 0
52 2936  0 0
52 2970  0 0
52 1517  0 0
52 1856  0 0
52 1870  0 0
52 2062  0 0
52 2742  0 0
52 3048  0 0
52 3051  0 0
52 0633  0 0
52 0643  0 0
52 2914  0 0
52 1637  0 0
53 0139  0 0
53 0514  0 0
53 0569  0 0
53 1948  0 0
53 2981  0 0
53 1887  0 0
53 2986  0 0
53 0373  0 0
53 2192  0 0
53 1403  0 0
53 2613  0 0
53 0537  0 0
53 2644  0 0
53 0269  0 0
53 0453  0 0
53 0725  0 0
53 0091  0 0
53 2315  0 0
53 1136  0 0
53 2327  0 0
53 0241  0 0
53 2216  0 0
53 0722  0 0
53 2608  0 0
53 1308  0 0
53 1364  0 0
53 2660  0 0
53 2323  0 0
53 2326  0 0
53 2545  0 0
53 0815  0 0
53 0816  0 0
53 1217  0 0
53 1694  0 0
53 2515  0 0
53 2769  0 0
53 1464  0 0
53 1557  0 0
53 1383  0 0
53 1388  0 0
53 0639  0 0
53 0901  0 0
53 1080  0 0
53 1269  0 0
53 2096  0 0
53 1097  0 0
53 2031  0 0
53 0283  0 0
53 0437  0 0
53 0692  0 0
54 2842  0 0
54 1471  0 0
54 2958  0 0
54 3031  0 0
54 2264  0 0
54 2148  0 0
54 1496  0 0
54 2956  0 0
54 2295  0 0
54 2470  0 0
54 0822  0 0
54 2651  0 0
54 1138  0 0
54 1470  0 0
54 1485  0 0
54 2558  0 0
54 2931  0 0
54 3150  0 0
54 3188  0 0
54 2178  0 0
54 2705  0 0
54 3104  0 0
54 1213  0 0
54 1469  0 0
54 2316  0 0
54 3102  0 0
54 3198  0 0
54 0394  0 0
54 0920  0 0
54 0990  0 0
54 1703  0 0
54 1788  0 0
54 2317  0 0
54 2814  0 0
54 1678  0 0
54 3140  0 0
54 0762  0 0
54 2546  0 0
54 3170  0 0
54 1098  0 0
54 2305  0 0
54 3080  0 0
54 1457  0 0
54 0689  0 0
54 2603  0 0
54 2906  0 0
54 0100  0 0
54 2657  0 0
54 0223  0 0
54 1458  0 0
55 2650  0 0
55 1739  0 0
55 2921  0 0
55 1355  0 0
55 1896  0 0
55 1898  0 0
55 1993  0 0
55 2889  0 0
55 0284  0 0
55 0556  0 0
55 1807  0 0
55 1934  0 0
55 3040  0 0
55 3044  0 0
55 2705  0 0
55 1694  0 0
55 3056  0 0
55 3082  0 0
55 1138  0 0
55 1470  0 0
55 1485  0 0
55 2558  0 0
55 2603  0 0
55 2931  0 0
55 3150  0 0
55 3188  0 0
55 0413  0 0
55 1551  0 0
55 2839  0 0
55 3009  0 0
55 0249  0 0
55 2175  0 0
55 3064  0 0
55 3096  0 0
55 0463  0 0
55 1102  0 0
55 1142  0 0
55 1306  0 0
55 1459  0 0
55 1466  0 0
55 1469  0 0
55 2254  0 0
55 2316  0 0
55 2842  0 0
55 3102  0 0
55 3198  0 0
55 1846  0 0
55 0154  0 0
55 1886  0 0
55 2413  0 0
56 2327  0 0
56 2650  0 0
56 0055  0 0
56 1678  0 0
56 1887  0 0
56 0284  0 0
56 3199  0 0
56 1739  0 0
56 2705  0 0
56 1136  0 0
56 1948  0 0
56 1154  0 0
56 2921  0 0
56 0021  0 0
56 2167  0 0
56 0164  0 0
56 1503  0 0
56 2892  0 0
56 1138  0 0
56 1470  0 0
56 1485  0 0
56 2558  0 0
56 2603  0 0
56 2931  0 0
56 3150  0 0
56 3188  0 0
56 2323  0 0
56 2326  0 0
56 2545  0 0
56 1355  0 0
56 1464  0 0
56 0249  0 0
56 0001  0 0
56 0044  0 0
56 0054  0 0
56 0099  0 0
56 1214  0 0
56 2166  0 0
56 3189  0 0
56 0864  0 0
56 1811  0 0
56 2998  0 0
56 1896  0 0
56 1898  0 0
56 1993  0 0
56 0463  0 0
56 1102  0 0
56 1142  0 0
56 1306  0 0
56 1459  0 0
57 3077  0 0
57 1194  0 0
57 0980  0 0
57 2324  0 0
57 0233  0 0
57 1183  0 0
57 0914  0 0
57 0769  0 0
57 0905  0 0
57 1391  0 0
57 0134  0 0
57 1119  0 0
57 1771  0 0
57 1220  0 0
57 1221  0 0
57 0057  0 0
57 2337  0 0
57 3122  0 0
57 1086  0 0
57 3195  0 0
57 3204  0 0
57 0223  0 0
57 1458  0 0
57 3155  0 0
57 0133  0 0
57 0028  0 0
57 0998  0 0
57 2411  0 0
57 2871  0 0
57 3054  0 0
57 1159  0 0
57 1675  0 0
57 2684  0 0
57 0153  0 0
57 2142  0 0
57 2027  0 0
57 0231  0 0
57 1397  0 0
57 1755  0 0
57 2716  0 0
57 3202  0 0
57 1337  0 0
57 2657  0 0
57 0964  0 0
57 1334  0 0
57 2909  0 0
57 0291  0 0
57 0583  0 0
57 0718  0 0
57 0997  0 0
58 1344  0 0
58 1252  0 0
58 2098  0 0
58 0382  0 0
58 1619  0 0
58 2634  0 0
58 1578  0 0
58 1816  0 0
58 1474  0 0
58 0867  0 0
58 1644  0 0
58 1944  0 0
58 1986  0 0
58 1987  0 0
58 2418  0 0
58 1779  0 0
58 0050  0 0
58 0069  0 0
58 1698  0 0
58 2825  0 0
58 2025  0 0
58 0266  0 0
58 2779  0 0
58 2525  0 0
58 2828  0 0
58 0297  0 0
58 0801  0 0
58 0839  0 0
58 0840  0 0
58 2238  0 0
58 2488  0 0
58 1264  0 0
58 2379  0 0
58 2542  0 0
58 2868  0 0
58 0136  0 0
58 0356  0 0
58 0740  0 0
58 0062  0 0
58 0126  0 0
58 0246  0 0
58 1260  0 0
58 2592  0 0
58 1876  0 0
58 2318  0 0
58 1637  0 0
58 2541  0 0
58 0224  0 0
58 1396  0 0
58 2351  0 0
59 1681  0 0
59 0292  0 0
59 0028  0 0
59 1359  0 0
59 1888  0 0
59 1441  0 0
59 1457  0 0
59 0653  0 0
59 0137  0 0
59 0102  0 0
59 0531  0 0
59 3015  0 0
59 0681  0 0
59 2739  0 0
59 1313  0 0
59 1049  0 0
59 0634  0 0
59 0891  0 0
59 2516  0 0
59 0490  0 0
59 1601  0 0
59 1619  0 0
59 1635  0 0
59 1643  0 0
59 2282  0 0
59 3139  0 0
59 2730  0 0
59 0892  0 0
59 2715  0 0
59 0105  0 0
59 0380  0 0
59 0852  0 0
59 0950  0 0
59 1026  0 0
59 1497  0 0
59 1722  0 0
59 2153  0 0
59 2353  0 0
59 2572  0 0
59 0929  0 0
59 0651  0 0
59 1032  0 0
59 1989  0 0
59 2092  0 0
59 2127  0 0
59 1602  0 0
59 0191  0 0
59 1051  0 0
59 0661  0 0
59 0117  0 0
60 1532  0 0
60 2967  0 0
60 2876  0 0
60 2593  0 0
60 3087  0 0
60 2716  0 0
60 0618  0 0
60 2957  0 0
60 2882  0 0
60 2817  0 0
60 1142  0 0
60 3070  0 0
60 2377  0 0
60 1188  0 0
60 2976  0 0
60 2955  0 0
60 2928  0 0
60 1959  0 0
60 2828  0 0
60 0234  0 0
60 1253  0 0
60 3164  0 0
60 2321  0 0
60 1910  0 0
60 2198  0 0
60 2075  0 0
60 2542  0 0
60 2003  0 0
60 2628  0 0
60 1012  0 0
60 1164  0 0
60 1341  0 0
60 1462  0 0
60 1781  0 0
60 2690  0 0
60 2840  0 0
60 0653  0 0
60 3011  0 0
60 0406  0 0
60 0018  0 0
60 0025  0 0
60 0092  0 0
60 0238  0 0
60 0322  0 0
60 1461  0 0
60 1572  0 0
60 1677  0 0
60 1748  0 0
60 1754  0 0
60 1912  0 0
61 2711  0 0
61 0239  0 0
61 2070  0 0
61 2114  0 0
61 2990  0 0
61 3134  0 0
61 2746  0 0
61 2278  0 0
61 1287  0 0
61 3012  0 0
61 0849  0 0
61 2816  0 0
61 1830  0 0
61 0634  0 0
61 0891  0 0
61 2516  0 0
61 2870  0 0
61 0397  0 0
61 0292  0 0
61 0651  0 0
61 1032  0 0
61 1683  0 0
61 0652  0 0
61 2480  0 0
61 3143  0 0
61 2883  0 0
61 0275  0 0
61 1699  0 0
61 0696  0 0
61 2374  0 0
61 2140  0 0
61 2882  0 0
61 1359  0 0
61 1457  0 0
61 3079  0 0
61 1226  0 0
61 0556  0 0
61 1271  0 0
61 3084  0 0
61 2078  0 0
61 1681  0 0
61 2765  0 0
61 0028  0 0
61 2265  0 0
61 0635  0 0
61 1207  0 0
61 2437  0 0
61 1233  0 0
61 0948  0 0
61 0060  0 0
62 2932  0 0
62 3007  0 0
62 1368  0 0
62 2076  0 0
62 2337  0 0
62 2702  0 0
62 2714  0 0
62 1136  0 0
62 1948  0 0
62 2327  0 0
62 1420  0 0
62 1648  0 0
62 2790  0 0
62 2189  0 0
62 2430  0 0
62 2975  0 0
62 3086  0 0
62 2323  0 0
62 2326  0 0
62 2545  0 0
62 0141  0 0
62 0392  0 0
62 1158  0 0
62 2685  0 0
62 2851  0 0
62 3075  0 0
62 1266  0 0
62 1961  0 0
62 2333  0 0
62 2703  0 0
62 1601  0 0
62 1795  0 0
62 1811  0 0
62 1828  0 0
62 2342  0 0
62 2896  0 0
62 2973  0 0
62 3156  0 0
62 1424  0 0
62 2057  0 0
62 0185  0 0
62 1101  0 0
62 1334  0 0
62 1856  0 0
62 0950  0 0
62 2570  0 0
62 2700  0 0
62 2865  0 0
62 2258  0 0
62 2453  0 0
63 3075  0 0
63 2342  0 0
63 3061  0 0
63 1795  0 0
63 2714  0 0
63 1873  0 0
63 2306  0 0
63 0141  0 0
63 0392  0 0
63 1158  0 0
63 2685  0 0
63 2851  0 0
63 1411  0 0
63 1601  0 0
63 1811  0 0
63 1828  0 0
63 2896  0 0
63 2973  0 0
63 3156  0 0
63 0270  0 0
63 0717  0 0
63 0804  0 0
63 1122  0 0
63 1551  0 0
63 1796  0 0
63 1952  0 0
63 2860  0 0
63 2890  0 0
63 2968  0 0
63 3094  0 0
63 0371  0 0
63 0950  0 0
63 2570  0 0
63 2700  0 0
63 2865  0 0
63 1342  0 0
63 1660  0 0
63 2007  0 0
63 2435  0 0
63 2767  0 0
63 2830  0 0
63 3006  0 0
63 1262  0 0
63 1613  0 0
63 1658  0 0
63 1851  0 0
63 2267  0 0
63 2283  0 0
63 2417  0 0
63 2725  0 0
64 2651  0 0
64 1588  0 0
64 3177  0 0
64 2232  0 0
64 2194  0 0
64 0228  0 0
64 0121  0 0
64 0527  0 0
64 0627  0 0
64 0731  0 0
64 0793  0 0
64 1051  0 0
64 0409  0 0
64 0512  0 0
64 0782  0 0
64 0812  0 0
64 3024  0 0
64 1301  0 0
64 1530  0 0
64 1846  0 0
64 2444  0 0
64 0624  0 0
64 1193  0 0
64 1024  0 0
64 1288  0 0
64 1972  0 0
64 2513  0 0
64 0457  0 0
64 0171  0 0
64 0204  0 0
64 0452  0 0
64 1878  0 0
64 2156  0 0
64 2767  0 0
64 2998  0 0
64 3106  0 0
64 0069  0 0
64 0477  0 0
64 1062  0 0
64 1569  0 0
64 1974  0 0
64 2051  0 0
64 2534  0 0
64 2720  0 0
64 2266  0 0
64 0185  0 0
64 0347  0 0
64 1537  0 0
64 2752  0 0
64 0100  0 0
